 -9.0268536e-001
 -9.7753521e-001
 -6.8030778e-001
 -1.8382435e-001
  3.2545120e-001
  7.1799062e-001
  9.4025935e-001
  9.9960430e-001
  9.3704430e-001
  8.0306107e-001
  6.4245940e-001
  4.8811999e-001
  3.6078337e-001
  2.7176177e-001
  2.2630345e-001
  2.2630345e-001
  2.7176177e-001
  3.6078337e-001
  4.8811999e-001
  6.4245940e-001
  8.0306107e-001
  9.3704430e-001
  9.9960430e-001
  9.4025935e-001
  7.1799062e-001
  3.2545120e-001
 -1.8382435e-001
 -6.8030778e-001
 -9.7753521e-001
 -9.7753521e-001
 -6.4516579e-001
 -9.0865724e-002
  4.5494955e-001
  8.3530104e-001
  9.9365676e-001
  9.5239877e-001
  7.7421398e-001
  5.2853732e-001
  2.7176177e-001
  4.0500988e-002
 -1.4672524e-001
 -2.8411528e-001
 -3.7274738e-001
 -4.1588002e-001
 -4.1588002e-001
 -3.7274738e-001
 -2.8411528e-001
 -1.4672524e-001
  4.0500988e-002
  2.7176177e-001
  5.2853732e-001
  7.7421398e-001
  9.5239877e-001
  9.9365676e-001
  8.3530104e-001
  4.5494955e-001
 -9.0865724e-002
 -6.4516579e-001
 -6.8030778e-001
 -9.0865724e-002
  4.9623590e-001
  8.8316367e-001
  9.9960430e-001
  8.7875207e-001
  6.0579212e-001
  2.7176177e-001
 -5.3347060e-002
 -3.2879353e-001
 -5.3941057e-001
 -6.8711148e-001
 -7.8228934e-001
 -8.3724039e-001
 -8.6197833e-001
 -8.6197833e-001
 -8.3724039e-001
 -7.8228934e-001
 -6.8711148e-001
 -5.3941057e-001
 -3.2879353e-001
 -5.3347060e-002
  2.7176177e-001
  6.0579212e-001
  8.7875207e-001
  9.9960430e-001
  8.8316367e-001
  4.9623590e-001
 -9.0865724e-002
 -1.8382435e-001
  4.5494955e-001
  8.8316367e-001
  9.9718319e-001
  8.3013888e-001
  4.8811999e-001
  8.7342865e-002
 -2.8411528e-001
 -5.7832922e-001
 -7.8228934e-001
 -9.0570664e-001
 -9.6891647e-001
 -9.9404829e-001
 -9.9988338e-001
 -9.9949856e-001
 -9.9949856e-001
 -9.9988338e-001
 -9.9404829e-001
 -9.6891647e-001
 -9.0570664e-001
 -7.8228934e-001
 -5.7832922e-001
 -2.8411528e-001
  8.7342865e-002
  4.8811999e-001
  8.3013888e-001
  9.9718319e-001
  8.8316367e-001
  4.5494955e-001
  3.2545120e-001
  8.3530104e-001
  9.9960430e-001
  8.3013888e-001
  4.4662725e-001
 -6.4301194e-003
 -4.1588002e-001
 -7.2044802e-001
 -9.0570664e-001
 -9.8784124e-001
 -9.9691167e-001
 -9.6472991e-001
 -9.1823032e-001
 -8.7705847e-001
 -8.5355032e-001
 -8.5355032e-001
 -8.7705847e-001
 -9.1823032e-001
 -9.6472991e-001
 -9.9691167e-001
 -9.8784124e-001
 -9.0570664e-001
 -7.2044802e-001
 -4.1588002e-001
 -6.4301194e-003
  4.4662725e-001
  8.3013888e-001
  9.9960430e-001
  8.3530104e-001
  7.1799062e-001
  9.9365676e-001
  8.7875207e-001
  4.8811999e-001
 -6.4301194e-003
 -4.5809639e-001
 -7.8228934e-001
 -9.5624044e-001
 -9.9949856e-001
 -9.5131456e-001
 -8.5355032e-001
 -7.4129188e-001
 -6.3974496e-001
 -5.6487514e-001
 -5.2553148e-001
 -5.2553148e-001
 -5.6487514e-001
 -6.3974496e-001
 -7.4129188e-001
 -8.5355032e-001
 -9.5131456e-001
 -9.9949856e-001
 -9.5624044e-001
 -7.8228934e-001
 -4.5809639e-001
 -6.4301194e-003
  4.8811999e-001
  8.7875207e-001
  9.9365676e-001
  9.4025935e-001
  9.5239877e-001
  6.0579212e-001
  8.7342865e-002
 -4.1588002e-001
 -7.8228934e-001
 -9.6891647e-001
 -9.9212842e-001
 -8.9863432e-001
 -7.4129188e-001
 -5.6487514e-001
 -4.0091279e-001
 -2.6835627e-001
 -1.7686649e-001
 -1.3048645e-001
 -1.3048645e-001
 -1.7686649e-001
 -2.6835627e-001
 -4.0091279e-001
 -5.6487514e-001
 -7.4129188e-001
 -8.9863432e-001
 -9.9212842e-001
 -9.6891647e-001
 -7.8228934e-001
 -4.1588002e-001
  8.7342865e-002
  6.0579212e-001
  9.5239877e-001
  9.9960430e-001
  7.7421398e-001
  2.7176177e-001
 -2.8411528e-001
 -7.2044802e-001
 -9.5624044e-001
 -9.9212842e-001
 -8.7705847e-001
 -6.7510618e-001
 -4.4345990e-001
 -2.2285688e-001
 -3.6966715e-002
  1.0366498e-001
  1.9644998e-001
  2.4224418e-001
  2.4224418e-001
  1.9644998e-001
  1.0366498e-001
 -3.6966715e-002
 -2.2285688e-001
 -4.4345990e-001
 -6.7510618e-001
 -8.7705847e-001
 -9.9212842e-001
 -9.5624044e-001
 -7.2044802e-001
 -2.8411528e-001
  2.7176177e-001
  7.7421398e-001
  9.3704430e-001
  5.2853732e-001
 -5.3347060e-002
 -5.7832922e-001
 -9.0570664e-001
 -9.9949856e-001
 -8.9863432e-001
 -6.7510618e-001
 -4.0091279e-001
 -1.3048645e-001
  1.0366498e-001
  2.8750467e-001
  4.1909396e-001
  5.0236487e-001
  5.4238544e-001
  5.4238544e-001
  5.0236487e-001
  4.1909396e-001
  2.8750467e-001
  1.0366498e-001
 -1.3048645e-001
 -4.0091279e-001
 -6.7510618e-001
 -8.9863432e-001
 -9.9949856e-001
 -9.0570664e-001
 -5.7832922e-001
 -5.3347060e-002
  5.2853732e-001
  8.0306107e-001
  2.7176177e-001
 -3.2879353e-001
 -7.8228934e-001
 -9.8784124e-001
 -9.5131456e-001
 -7.4129188e-001
 -4.4345990e-001
 -1.3048645e-001
  1.5022296e-001
  3.7602708e-001
  5.4238544e-001
  6.5493801e-001
  7.2289640e-001
  7.5452319e-001
  7.5452319e-001
  7.2289640e-001
  6.5493801e-001
  5.4238544e-001
  3.7602708e-001
  1.5022296e-001
 -1.3048645e-001
 -4.4345990e-001
 -7.4129188e-001
 -9.5131456e-001
 -9.8784124e-001
 -7.8228934e-001
 -3.2879353e-001
  2.7176177e-001
  6.4245940e-001
  4.0500988e-002
 -5.3941057e-001
 -9.0570664e-001
 -9.9691167e-001
 -8.5355032e-001
 -5.6487514e-001
 -2.2285688e-001
  1.0366498e-001
  3.7602708e-001
  5.8121104e-001
  7.2289640e-001
  8.1272374e-001
  8.6376597e-001
  8.8645964e-001
  8.8645964e-001
  8.6376597e-001
  8.1272374e-001
  7.2289640e-001
  5.8121104e-001
  3.7602708e-001
  1.0366498e-001
 -2.2285688e-001
 -5.6487514e-001
 -8.5355032e-001
 -9.9691167e-001
 -9.0570664e-001
 -5.3941057e-001
  4.0500988e-002
  4.8811999e-001
 -1.4672524e-001
 -6.8711148e-001
 -9.6891647e-001
 -9.6472991e-001
 -7.4129188e-001
 -4.0091279e-001
 -3.6966715e-002
  2.8750467e-001
  5.4238544e-001
  7.2289640e-001
  8.3916927e-001
  9.0720030e-001
  9.4264417e-001
  9.5726930e-001
  9.5726930e-001
  9.4264417e-001
  9.0720030e-001
  8.3916927e-001
  7.2289640e-001
  5.4238544e-001
  2.8750467e-001
 -3.6966715e-002
 -4.0091279e-001
 -7.4129188e-001
 -9.6472991e-001
 -9.6891647e-001
 -6.8711148e-001
 -1.4672524e-001
  3.6078337e-001
 -2.8411528e-001
 -7.8228934e-001
 -9.9404829e-001
 -9.1823032e-001
 -6.3974496e-001
 -2.6835627e-001
  1.0366498e-001
  4.1909396e-001
  6.5493801e-001
  8.1272374e-001
  9.0720030e-001
  9.5726930e-001
  9.8016490e-001
  9.8838493e-001
  9.8838493e-001
  9.8016490e-001
  9.5726930e-001
  9.0720030e-001
  8.1272374e-001
  6.5493801e-001
  4.1909396e-001
  1.0366498e-001
 -2.6835627e-001
 -6.3974496e-001
 -9.1823032e-001
 -9.9404829e-001
 -7.8228934e-001
 -2.8411528e-001
  2.7176177e-001
 -3.7274738e-001
 -8.3724039e-001
 -9.9988338e-001
 -8.7705847e-001
 -5.6487514e-001
 -1.7686649e-001
  1.9644998e-001
  5.0236487e-001
  7.2289640e-001
  8.6376597e-001
  9.4264417e-001
  9.8016490e-001
  9.9442739e-001
  9.9827895e-001
  9.9827895e-001
  9.9442739e-001
  9.8016490e-001
  9.4264417e-001
  8.6376597e-001
  7.2289640e-001
  5.0236487e-001
  1.9644998e-001
 -1.7686649e-001
 -5.6487514e-001
 -8.7705847e-001
 -9.9988338e-001
 -8.3724039e-001
 -3.7274738e-001
  2.2630345e-001
 -4.1588002e-001
 -8.6197833e-001
 -9.9949856e-001
 -8.5355032e-001
 -5.2553148e-001
 -1.3048645e-001
  2.4224418e-001
  5.4238544e-001
  7.5452319e-001
  8.8645964e-001
  9.5726930e-001
  9.8838493e-001
  9.9827895e-001
  9.9993114e-001
  9.9993114e-001
  9.9827895e-001
  9.8838493e-001
  9.5726930e-001
  8.8645964e-001
  7.5452319e-001
  5.4238544e-001
  2.4224418e-001
 -1.3048645e-001
 -5.2553148e-001
 -8.5355032e-001
 -9.9949856e-001
 -8.6197833e-001
 -4.1588002e-001
  2.2630345e-001
 -4.1588002e-001
 -8.6197833e-001
 -9.9949856e-001
 -8.5355032e-001
 -5.2553148e-001
 -1.3048645e-001
  2.4224418e-001
  5.4238544e-001
  7.5452319e-001
  8.8645964e-001
  9.5726930e-001
  9.8838493e-001
  9.9827895e-001
  9.9993114e-001
  9.9993114e-001
  9.9827895e-001
  9.8838493e-001
  9.5726930e-001
  8.8645964e-001
  7.5452319e-001
  5.4238544e-001
  2.4224418e-001
 -1.3048645e-001
 -5.2553148e-001
 -8.5355032e-001
 -9.9949856e-001
 -8.6197833e-001
 -4.1588002e-001
  2.7176177e-001
 -3.7274738e-001
 -8.3724039e-001
 -9.9988338e-001
 -8.7705847e-001
 -5.6487514e-001
 -1.7686649e-001
  1.9644998e-001
  5.0236487e-001
  7.2289640e-001
  8.6376597e-001
  9.4264417e-001
  9.8016490e-001
  9.9442739e-001
  9.9827895e-001
  9.9827895e-001
  9.9442739e-001
  9.8016490e-001
  9.4264417e-001
  8.6376597e-001
  7.2289640e-001
  5.0236487e-001
  1.9644998e-001
 -1.7686649e-001
 -5.6487514e-001
 -8.7705847e-001
 -9.9988338e-001
 -8.3724039e-001
 -3.7274738e-001
  3.6078337e-001
 -2.8411528e-001
 -7.8228934e-001
 -9.9404829e-001
 -9.1823032e-001
 -6.3974496e-001
 -2.6835627e-001
  1.0366498e-001
  4.1909396e-001
  6.5493801e-001
  8.1272374e-001
  9.0720030e-001
  9.5726930e-001
  9.8016490e-001
  9.8838493e-001
  9.8838493e-001
  9.8016490e-001
  9.5726930e-001
  9.0720030e-001
  8.1272374e-001
  6.5493801e-001
  4.1909396e-001
  1.0366498e-001
 -2.6835627e-001
 -6.3974496e-001
 -9.1823032e-001
 -9.9404829e-001
 -7.8228934e-001
 -2.8411528e-001
  4.8811999e-001
 -1.4672524e-001
 -6.8711148e-001
 -9.6891647e-001
 -9.6472991e-001
 -7.4129188e-001
 -4.0091279e-001
 -3.6966715e-002
  2.8750467e-001
  5.4238544e-001
  7.2289640e-001
  8.3916927e-001
  9.0720030e-001
  9.4264417e-001
  9.5726930e-001
  9.5726930e-001
  9.4264417e-001
  9.0720030e-001
  8.3916927e-001
  7.2289640e-001
  5.4238544e-001
  2.8750467e-001
 -3.6966715e-002
 -4.0091279e-001
 -7.4129188e-001
 -9.6472991e-001
 -9.6891647e-001
 -6.8711148e-001
 -1.4672524e-001
  6.4245940e-001
  4.0500988e-002
 -5.3941057e-001
 -9.0570664e-001
 -9.9691167e-001
 -8.5355032e-001
 -5.6487514e-001
 -2.2285688e-001
  1.0366498e-001
  3.7602708e-001
  5.8121104e-001
  7.2289640e-001
  8.1272374e-001
  8.6376597e-001
  8.8645964e-001
  8.8645964e-001
  8.6376597e-001
  8.1272374e-001
  7.2289640e-001
  5.8121104e-001
  3.7602708e-001
  1.0366498e-001
 -2.2285688e-001
 -5.6487514e-001
 -8.5355032e-001
 -9.9691167e-001
 -9.0570664e-001
 -5.3941057e-001
  4.0500988e-002
  8.0306107e-001
  2.7176177e-001
 -3.2879353e-001
 -7.8228934e-001
 -9.8784124e-001
 -9.5131456e-001
 -7.4129188e-001
 -4.4345990e-001
 -1.3048645e-001
  1.5022296e-001
  3.7602708e-001
  5.4238544e-001
  6.5493801e-001
  7.2289640e-001
  7.5452319e-001
  7.5452319e-001
  7.2289640e-001
  6.5493801e-001
  5.4238544e-001
  3.7602708e-001
  1.5022296e-001
 -1.3048645e-001
 -4.4345990e-001
 -7.4129188e-001
 -9.5131456e-001
 -9.8784124e-001
 -7.8228934e-001
 -3.2879353e-001
  2.7176177e-001
  9.3704430e-001
  5.2853732e-001
 -5.3347060e-002
 -5.7832922e-001
 -9.0570664e-001
 -9.9949856e-001
 -8.9863432e-001
 -6.7510618e-001
 -4.0091279e-001
 -1.3048645e-001
  1.0366498e-001
  2.8750467e-001
  4.1909396e-001
  5.0236487e-001
  5.4238544e-001
  5.4238544e-001
  5.0236487e-001
  4.1909396e-001
  2.8750467e-001
  1.0366498e-001
 -1.3048645e-001
 -4.0091279e-001
 -6.7510618e-001
 -8.9863432e-001
 -9.9949856e-001
 -9.0570664e-001
 -5.7832922e-001
 -5.3347060e-002
  5.2853732e-001
  9.9960430e-001
  7.7421398e-001
  2.7176177e-001
 -2.8411528e-001
 -7.2044802e-001
 -9.5624044e-001
 -9.9212842e-001
 -8.7705847e-001
 -6.7510618e-001
 -4.4345990e-001
 -2.2285688e-001
 -3.6966715e-002
  1.0366498e-001
  1.9644998e-001
  2.4224418e-001
  2.4224418e-001
  1.9644998e-001
  1.0366498e-001
 -3.6966715e-002
 -2.2285688e-001
 -4.4345990e-001
 -6.7510618e-001
 -8.7705847e-001
 -9.9212842e-001
 -9.5624044e-001
 -7.2044802e-001
 -2.8411528e-001
  2.7176177e-001
  7.7421398e-001
  9.4025935e-001
  9.5239877e-001
  6.0579212e-001
  8.7342865e-002
 -4.1588002e-001
 -7.8228934e-001
 -9.6891647e-001
 -9.9212842e-001
 -8.9863432e-001
 -7.4129188e-001
 -5.6487514e-001
 -4.0091279e-001
 -2.6835627e-001
 -1.7686649e-001
 -1.3048645e-001
 -1.3048645e-001
 -1.7686649e-001
 -2.6835627e-001
 -4.0091279e-001
 -5.6487514e-001
 -7.4129188e-001
 -8.9863432e-001
 -9.9212842e-001
 -9.6891647e-001
 -7.8228934e-001
 -4.1588002e-001
  8.7342865e-002
  6.0579212e-001
  9.5239877e-001
  7.1799062e-001
  9.9365676e-001
  8.7875207e-001
  4.8811999e-001
 -6.4301194e-003
 -4.5809639e-001
 -7.8228934e-001
 -9.5624044e-001
 -9.9949856e-001
 -9.5131456e-001
 -8.5355032e-001
 -7.4129188e-001
 -6.3974496e-001
 -5.6487514e-001
 -5.2553148e-001
 -5.2553148e-001
 -5.6487514e-001
 -6.3974496e-001
 -7.4129188e-001
 -8.5355032e-001
 -9.5131456e-001
 -9.9949856e-001
 -9.5624044e-001
 -7.8228934e-001
 -4.5809639e-001
 -6.4301194e-003
  4.8811999e-001
  8.7875207e-001
  9.9365676e-001
  3.2545120e-001
  8.3530104e-001
  9.9960430e-001
  8.3013888e-001
  4.4662725e-001
 -6.4301194e-003
 -4.1588002e-001
 -7.2044802e-001
 -9.0570664e-001
 -9.8784124e-001
 -9.9691167e-001
 -9.6472991e-001
 -9.1823032e-001
 -8.7705847e-001
 -8.5355032e-001
 -8.5355032e-001
 -8.7705847e-001
 -9.1823032e-001
 -9.6472991e-001
 -9.9691167e-001
 -9.8784124e-001
 -9.0570664e-001
 -7.2044802e-001
 -4.1588002e-001
 -6.4301194e-003
  4.4662725e-001
  8.3013888e-001
  9.9960430e-001
  8.3530104e-001
 -1.8382435e-001
  4.5494955e-001
  8.8316367e-001
  9.9718319e-001
  8.3013888e-001
  4.8811999e-001
  8.7342865e-002
 -2.8411528e-001
 -5.7832922e-001
 -7.8228934e-001
 -9.0570664e-001
 -9.6891647e-001
 -9.9404829e-001
 -9.9988338e-001
 -9.9949856e-001
 -9.9949856e-001
 -9.9988338e-001
 -9.9404829e-001
 -9.6891647e-001
 -9.0570664e-001
 -7.8228934e-001
 -5.7832922e-001
 -2.8411528e-001
  8.7342865e-002
  4.8811999e-001
  8.3013888e-001
  9.9718319e-001
  8.8316367e-001
  4.5494955e-001
 -6.8030778e-001
 -9.0865724e-002
  4.9623590e-001
  8.8316367e-001
  9.9960430e-001
  8.7875207e-001
  6.0579212e-001
  2.7176177e-001
 -5.3347060e-002
 -3.2879353e-001
 -5.3941057e-001
 -6.8711148e-001
 -7.8228934e-001
 -8.3724039e-001
 -8.6197833e-001
 -8.6197833e-001
 -8.3724039e-001
 -7.8228934e-001
 -6.8711148e-001
 -5.3941057e-001
 -3.2879353e-001
 -5.3347060e-002
  2.7176177e-001
  6.0579212e-001
  8.7875207e-001
  9.9960430e-001
  8.8316367e-001
  4.9623590e-001
 -9.0865724e-002
 -9.7753521e-001
 -6.4516579e-001
 -9.0865724e-002
  4.5494955e-001
  8.3530104e-001
  9.9365676e-001
  9.5239877e-001
  7.7421398e-001
  5.2853732e-001
  2.7176177e-001
  4.0500988e-002
 -1.4672524e-001
 -2.8411528e-001
 -3.7274738e-001
 -4.1588002e-001
 -4.1588002e-001
 -3.7274738e-001
 -2.8411528e-001
 -1.4672524e-001
  4.0500988e-002
  2.7176177e-001
  5.2853732e-001
  7.7421398e-001
  9.5239877e-001
  9.9365676e-001
  8.3530104e-001
  4.5494955e-001
 -9.0865724e-002
 -6.4516579e-001
