  0.0000000e+000
  0.0000000e+000
  0.0000000e+000
  0.0000000e+000
  0.0000000e+000
  0.0000000e+000
  0.0000000e+000
  0.0000000e+000
  0.0000000e+000
  0.0000000e+000
  0.0000000e+000
  0.0000000e+000
  0.0000000e+000
  0.0000000e+000
  0.0000000e+000
  0.0000000e+000
  0.0000000e+000
  0.0000000e+000
  0.0000000e+000
  0.0000000e+000
  0.0000000e+000
  0.0000000e+000
  0.0000000e+000
  0.0000000e+000
  0.0000000e+000
  0.0000000e+000
  0.0000000e+000
  0.0000000e+000
  0.0000000e+000
  0.0000000e+000
  0.0000000e+000
  0.0000000e+000
  0.0000000e+000
  0.0000000e+000
  0.0000000e+000
  0.0000000e+000
  0.0000000e+000
  0.0000000e+000
  0.0000000e+000
  0.0000000e+000
  0.0000000e+000
  0.0000000e+000
  0.0000000e+000
  0.0000000e+000
  0.0000000e+000
  0.0000000e+000
  0.0000000e+000
  0.0000000e+000
  0.0000000e+000
  0.0000000e+000
  0.0000000e+000
  0.0000000e+000
  0.0000000e+000
  0.0000000e+000
  0.0000000e+000
  0.0000000e+000
  0.0000000e+000
  0.0000000e+000
  0.0000000e+000
  0.0000000e+000
  0.0000000e+000
  0.0000000e+000
  0.0000000e+000
  0.0000000e+000
  0.0000000e+000
  0.0000000e+000
  0.0000000e+000
  0.0000000e+000
  0.0000000e+000
  0.0000000e+000
  0.0000000e+000
  0.0000000e+000
  0.0000000e+000
  0.0000000e+000
  0.0000000e+000
  0.0000000e+000
  0.0000000e+000
  0.0000000e+000
  0.0000000e+000
  0.0000000e+000
  0.0000000e+000
  0.0000000e+000
  0.0000000e+000
  0.0000000e+000
  0.0000000e+000
  0.0000000e+000
  0.0000000e+000
  0.0000000e+000
  0.0000000e+000
  0.0000000e+000
  0.0000000e+000
  0.0000000e+000
  0.0000000e+000
  0.0000000e+000
  0.0000000e+000
  0.0000000e+000
  0.0000000e+000
  0.0000000e+000
  0.0000000e+000
  0.0000000e+000
  0.0000000e+000
  0.0000000e+000
  0.0000000e+000
  0.0000000e+000
  0.0000000e+000
  0.0000000e+000
  0.0000000e+000
  0.0000000e+000
  0.0000000e+000
  0.0000000e+000
  0.0000000e+000
  0.0000000e+000
  0.0000000e+000
  0.0000000e+000
  0.0000000e+000
  0.0000000e+000
  0.0000000e+000
  0.0000000e+000
  0.0000000e+000
  0.0000000e+000
  0.0000000e+000
  0.0000000e+000
  0.0000000e+000
  0.0000000e+000
  0.0000000e+000
  0.0000000e+000
  0.0000000e+000
  0.0000000e+000
  0.0000000e+000
  0.0000000e+000
  0.0000000e+000
  0.0000000e+000
  0.0000000e+000
  0.0000000e+000
  0.0000000e+000
  0.0000000e+000
  0.0000000e+000
  0.0000000e+000
  0.0000000e+000
  0.0000000e+000
  0.0000000e+000
  0.0000000e+000
  0.0000000e+000
  0.0000000e+000
  0.0000000e+000
  0.0000000e+000
  0.0000000e+000
  0.0000000e+000
  0.0000000e+000
  0.0000000e+000
 -1.5263158e+000
 -1.3848320e+000
 -1.2141745e+000
 -7.1255405e-001
 -4.0504626e-001
  2.5214312e-001
  5.7109527e-001
  1.1158426e+000
  1.3161660e+000
  1.5263158e+000
  1.4551568e+000
  1.3161660e+000
  8.6355344e-001
  5.7109527e-001
 -7.8389167e-002
 -4.0504626e-001
 -9.8653380e-001
 -1.2141745e+000
 -1.4905265e+000
  0.0000000e+000
  0.0000000e+000
  0.0000000e+000
  0.0000000e+000
  0.0000000e+000
  0.0000000e+000
  0.0000000e+000
  0.0000000e+000
  0.0000000e+000
  0.0000000e+000
 -1.5263158e+000
 -1.3848320e+000
 -1.2141745e+000
 -7.1255405e-001
 -4.0504626e-001
  2.5214312e-001
  5.7109527e-001
  1.1158426e+000
  1.3161660e+000
  1.5263158e+000
  1.4551568e+000
  1.3161660e+000
  8.6355344e-001
  5.7109527e-001
 -7.8389167e-002
 -4.0504626e-001
 -9.8653380e-001
 -1.2141745e+000
 -1.4905265e+000
  0.0000000e+000
  0.0000000e+000
  0.0000000e+000
  0.0000000e+000
  0.0000000e+000
  0.0000000e+000
  0.0000000e+000
  0.0000000e+000
  0.0000000e+000
  0.0000000e+000
 -1.5263158e+000
 -1.3848320e+000
 -1.2141745e+000
 -7.1255405e-001
 -4.0504626e-001
  2.5214312e-001
  5.7109527e-001
  1.1158426e+000
  1.3161660e+000
  1.5263158e+000
  1.4551568e+000
  1.3161660e+000
  8.6355344e-001
  5.7109527e-001
 -7.8389167e-002
 -4.0504626e-001
 -9.8653380e-001
 -1.2141745e+000
 -1.4905265e+000
  0.0000000e+000
  0.0000000e+000
  0.0000000e+000
  0.0000000e+000
  0.0000000e+000
  0.0000000e+000
  0.0000000e+000
  0.0000000e+000
  0.0000000e+000
  0.0000000e+000
 -1.5263158e+000
 -1.3848320e+000
 -1.2141745e+000
 -7.1255405e-001
 -4.0504626e-001
  2.5214312e-001
  5.7109527e-001
  1.1158426e+000
  1.3161660e+000
  1.5263158e+000
  1.4551568e+000
  1.3161660e+000
  8.6355344e-001
  5.7109527e-001
 -7.8389167e-002
 -4.0504626e-001
 -9.8653380e-001
 -1.2141745e+000
 -1.4905265e+000
  0.0000000e+000
  0.0000000e+000
  0.0000000e+000
  0.0000000e+000
  0.0000000e+000
  0.0000000e+000
  0.0000000e+000
  0.0000000e+000
  0.0000000e+000
  0.0000000e+000
 -1.5263158e+000
 -1.3848320e+000
 -1.2141745e+000
 -7.1255405e-001
 -4.0504626e-001
  2.5214312e-001
  5.7109527e-001
  1.1158426e+000
  1.3161660e+000
  1.5263158e+000
  1.4551568e+000
  1.3161660e+000
  8.6355344e-001
  5.7109527e-001
 -7.8389167e-002
 -4.0504626e-001
 -9.8653380e-001
 -1.2141745e+000
 -1.4905265e+000
  0.0000000e+000
  0.0000000e+000
  0.0000000e+000
  0.0000000e+000
  0.0000000e+000
  0.0000000e+000
  0.0000000e+000
  0.0000000e+000
  0.0000000e+000
  0.0000000e+000
 -1.5263158e+000
 -1.3848320e+000
 -1.2141745e+000
 -7.1255405e-001
 -4.0504626e-001
  2.5214312e-001
  5.7109527e-001
  1.1158426e+000
  1.3161660e+000
  1.5263158e+000
  1.4551568e+000
  1.3161660e+000
  8.6355344e-001
  5.7109527e-001
 -7.8389167e-002
 -4.0504626e-001
 -9.8653380e-001
 -1.2141745e+000
 -1.4905265e+000
  0.0000000e+000
  0.0000000e+000
  0.0000000e+000
  0.0000000e+000
  0.0000000e+000
  0.0000000e+000
  0.0000000e+000
  0.0000000e+000
  0.0000000e+000
  0.0000000e+000
 -1.5263158e+000
 -1.3848320e+000
 -1.2141745e+000
 -7.1255405e-001
 -4.0504626e-001
  2.5214312e-001
  5.7109527e-001
  1.1158426e+000
  1.3161660e+000
  1.5263158e+000
  1.4551568e+000
  1.3161660e+000
  8.6355344e-001
  5.7109527e-001
 -7.8389167e-002
 -4.0504626e-001
 -9.8653380e-001
 -1.2141745e+000
 -1.4905265e+000
  0.0000000e+000
  0.0000000e+000
  0.0000000e+000
  0.0000000e+000
  0.0000000e+000
  0.0000000e+000
  0.0000000e+000
  0.0000000e+000
  0.0000000e+000
  0.0000000e+000
 -1.5263158e+000
 -1.3848320e+000
 -1.2141745e+000
 -7.1255405e-001
 -4.0504626e-001
  2.5214312e-001
  5.7109527e-001
  1.1158426e+000
  1.3161660e+000
  1.5263158e+000
  1.4551568e+000
  1.3161660e+000
  8.6355344e-001
  5.7109527e-001
 -7.8389167e-002
 -4.0504626e-001
 -9.8653380e-001
 -1.2141745e+000
 -1.4905265e+000
  0.0000000e+000
  0.0000000e+000
  0.0000000e+000
  0.0000000e+000
  0.0000000e+000
  0.0000000e+000
  0.0000000e+000
  0.0000000e+000
  0.0000000e+000
  0.0000000e+000
 -1.5263158e+000
 -1.3848320e+000
 -1.2141745e+000
 -7.1255405e-001
 -4.0504626e-001
  2.5214312e-001
  5.7109527e-001
  1.1158426e+000
  1.3161660e+000
  1.5263158e+000
  1.4551568e+000
  1.3161660e+000
  8.6355344e-001
  5.7109527e-001
 -7.8389167e-002
 -4.0504626e-001
 -9.8653380e-001
 -1.2141745e+000
 -1.4905265e+000
  0.0000000e+000
  0.0000000e+000
  0.0000000e+000
  0.0000000e+000
  0.0000000e+000
  0.0000000e+000
  0.0000000e+000
  0.0000000e+000
  0.0000000e+000
  0.0000000e+000
 -1.5263158e+000
 -1.3848320e+000
 -1.2141745e+000
 -7.1255405e-001
 -4.0504626e-001
  2.5214312e-001
  5.7109527e-001
  1.1158426e+000
  1.3161660e+000
  1.5263158e+000
  1.4551568e+000
  1.3161660e+000
  8.6355344e-001
  5.7109527e-001
 -7.8389167e-002
 -4.0504626e-001
 -9.8653380e-001
 -1.2141745e+000
 -1.4905265e+000
  0.0000000e+000
  0.0000000e+000
  0.0000000e+000
  0.0000000e+000
  0.0000000e+000
  0.0000000e+000
  0.0000000e+000
  0.0000000e+000
  0.0000000e+000
  0.0000000e+000
 -1.5263158e+000
 -1.3848320e+000
 -1.2141745e+000
 -7.1255405e-001
 -4.0504626e-001
  2.5214312e-001
  5.7109527e-001
  1.1158426e+000
  1.3161660e+000
  1.5263158e+000
  1.4551568e+000
  1.3161660e+000
  8.6355344e-001
  5.7109527e-001
 -7.8389167e-002
 -4.0504626e-001
 -9.8653380e-001
 -1.2141745e+000
 -1.4905265e+000
  0.0000000e+000
  0.0000000e+000
  0.0000000e+000
  0.0000000e+000
  0.0000000e+000
  0.0000000e+000
  0.0000000e+000
  0.0000000e+000
  0.0000000e+000
  0.0000000e+000
 -1.5263158e+000
 -1.3848320e+000
 -1.2141745e+000
 -7.1255405e-001
 -4.0504626e-001
  2.5214312e-001
  5.7109527e-001
  1.1158426e+000
  1.3161660e+000
  1.5263158e+000
  1.4551568e+000
  1.3161660e+000
  8.6355344e-001
  5.7109527e-001
 -7.8389167e-002
 -4.0504626e-001
 -9.8653380e-001
 -1.2141745e+000
 -1.4905265e+000
  0.0000000e+000
  0.0000000e+000
  0.0000000e+000
  0.0000000e+000
  0.0000000e+000
  0.0000000e+000
  0.0000000e+000
  0.0000000e+000
  0.0000000e+000
  0.0000000e+000
 -1.5263158e+000
 -1.3848320e+000
 -1.2141745e+000
 -7.1255405e-001
 -4.0504626e-001
  2.5214312e-001
  5.7109527e-001
  1.1158426e+000
  1.3161660e+000
  1.5263158e+000
  1.4551568e+000
  1.3161660e+000
  8.6355344e-001
  5.7109527e-001
 -7.8389167e-002
 -4.0504626e-001
 -9.8653380e-001
 -1.2141745e+000
 -1.4905265e+000
  0.0000000e+000
  0.0000000e+000
  0.0000000e+000
  0.0000000e+000
  0.0000000e+000
  0.0000000e+000
  0.0000000e+000
  0.0000000e+000
  0.0000000e+000
  0.0000000e+000
 -1.5263158e+000
 -1.3848320e+000
 -1.2141745e+000
 -7.1255405e-001
 -4.0504626e-001
  2.5214312e-001
  5.7109527e-001
  1.1158426e+000
  1.3161660e+000
  1.5263158e+000
  1.4551568e+000
  1.3161660e+000
  8.6355344e-001
  5.7109527e-001
 -7.8389167e-002
 -4.0504626e-001
 -9.8653380e-001
 -1.2141745e+000
 -1.4905265e+000
  0.0000000e+000
  0.0000000e+000
  0.0000000e+000
  0.0000000e+000
  0.0000000e+000
  0.0000000e+000
  0.0000000e+000
  0.0000000e+000
  0.0000000e+000
  0.0000000e+000
 -1.5263158e+000
 -1.3848320e+000
 -1.2141745e+000
 -7.1255405e-001
 -4.0504626e-001
  2.5214312e-001
  5.7109527e-001
  1.1158426e+000
  1.3161660e+000
  1.5263158e+000
  1.4551568e+000
  1.3161660e+000
  8.6355344e-001
  5.7109527e-001
 -7.8389167e-002
 -4.0504626e-001
 -9.8653380e-001
 -1.2141745e+000
 -1.4905265e+000
  0.0000000e+000
  0.0000000e+000
  0.0000000e+000
  0.0000000e+000
  0.0000000e+000
  0.0000000e+000
  0.0000000e+000
  0.0000000e+000
  0.0000000e+000
  0.0000000e+000
 -1.5263158e+000
 -1.3848320e+000
 -1.2141745e+000
 -7.1255405e-001
 -4.0504626e-001
  2.5214312e-001
  5.7109527e-001
  1.1158426e+000
  1.3161660e+000
  1.5263158e+000
  1.4551568e+000
  1.3161660e+000
  8.6355344e-001
  5.7109527e-001
 -7.8389167e-002
 -4.0504626e-001
 -9.8653380e-001
 -1.2141745e+000
 -1.4905265e+000
  0.0000000e+000
  0.0000000e+000
  0.0000000e+000
  0.0000000e+000
  0.0000000e+000
  0.0000000e+000
  0.0000000e+000
  0.0000000e+000
  0.0000000e+000
  0.0000000e+000
 -1.5263158e+000
 -1.3848320e+000
 -1.2141745e+000
 -7.1255405e-001
 -4.0504626e-001
  2.5214312e-001
  5.7109527e-001
  1.1158426e+000
  1.3161660e+000
  1.5263158e+000
  1.4551568e+000
  1.3161660e+000
  8.6355344e-001
  5.7109527e-001
 -7.8389167e-002
 -4.0504626e-001
 -9.8653380e-001
 -1.2141745e+000
 -1.4905265e+000
  0.0000000e+000
  0.0000000e+000
  0.0000000e+000
  0.0000000e+000
  0.0000000e+000
  0.0000000e+000
  0.0000000e+000
  0.0000000e+000
  0.0000000e+000
  0.0000000e+000
 -1.5263158e+000
 -1.3848320e+000
 -1.2141745e+000
 -7.1255405e-001
 -4.0504626e-001
  2.5214312e-001
  5.7109527e-001
  1.1158426e+000
  1.3161660e+000
  1.5263158e+000
  1.4551568e+000
  1.3161660e+000
  8.6355344e-001
  5.7109527e-001
 -7.8389167e-002
 -4.0504626e-001
 -9.8653380e-001
 -1.2141745e+000
 -1.4905265e+000
  0.0000000e+000
  0.0000000e+000
  0.0000000e+000
  0.0000000e+000
  0.0000000e+000
  0.0000000e+000
  0.0000000e+000
  0.0000000e+000
  0.0000000e+000
  0.0000000e+000
 -1.5263158e+000
 -1.3848320e+000
 -1.2141745e+000
 -7.1255405e-001
 -4.0504626e-001
  2.5214312e-001
  5.7109527e-001
  1.1158426e+000
  1.3161660e+000
  1.5263158e+000
  1.4551568e+000
  1.3161660e+000
  8.6355344e-001
  5.7109527e-001
 -7.8389167e-002
 -4.0504626e-001
 -9.8653380e-001
 -1.2141745e+000
 -1.4905265e+000
  0.0000000e+000
  0.0000000e+000
  0.0000000e+000
  0.0000000e+000
  0.0000000e+000
  0.0000000e+000
  0.0000000e+000
  0.0000000e+000
  0.0000000e+000
  0.0000000e+000
  0.0000000e+000
  0.0000000e+000
  0.0000000e+000
  0.0000000e+000
  0.0000000e+000
  0.0000000e+000
  0.0000000e+000
  0.0000000e+000
  0.0000000e+000
  0.0000000e+000
  0.0000000e+000
  0.0000000e+000
  0.0000000e+000
  0.0000000e+000
  0.0000000e+000
  0.0000000e+000
  0.0000000e+000
  0.0000000e+000
  0.0000000e+000
  0.0000000e+000
  0.0000000e+000
  0.0000000e+000
  0.0000000e+000
  0.0000000e+000
  0.0000000e+000
  0.0000000e+000
  0.0000000e+000
  0.0000000e+000
  0.0000000e+000
  0.0000000e+000
  0.0000000e+000
  0.0000000e+000
  0.0000000e+000
  0.0000000e+000
  0.0000000e+000
  0.0000000e+000
  0.0000000e+000
  0.0000000e+000
  0.0000000e+000
  0.0000000e+000
  0.0000000e+000
  0.0000000e+000
  0.0000000e+000
  0.0000000e+000
  0.0000000e+000
  0.0000000e+000
  0.0000000e+000
  0.0000000e+000
  0.0000000e+000
  0.0000000e+000
  0.0000000e+000
  0.0000000e+000
  0.0000000e+000
  0.0000000e+000
  0.0000000e+000
  0.0000000e+000
  0.0000000e+000
  0.0000000e+000
  0.0000000e+000
  0.0000000e+000
  0.0000000e+000
  0.0000000e+000
  0.0000000e+000
  0.0000000e+000
  0.0000000e+000
  0.0000000e+000
  0.0000000e+000
  0.0000000e+000
  0.0000000e+000
  0.0000000e+000
  0.0000000e+000
  0.0000000e+000
  0.0000000e+000
  0.0000000e+000
  0.0000000e+000
  0.0000000e+000
  0.0000000e+000
  0.0000000e+000
  0.0000000e+000
  0.0000000e+000
  0.0000000e+000
  0.0000000e+000
  0.0000000e+000
  0.0000000e+000
  0.0000000e+000
  0.0000000e+000
  0.0000000e+000
  0.0000000e+000
  0.0000000e+000
  0.0000000e+000
  0.0000000e+000
  0.0000000e+000
  0.0000000e+000
  0.0000000e+000
  0.0000000e+000
  0.0000000e+000
  0.0000000e+000
  0.0000000e+000
  0.0000000e+000
  0.0000000e+000
  0.0000000e+000
  0.0000000e+000
  0.0000000e+000
  0.0000000e+000
  0.0000000e+000
  0.0000000e+000
  0.0000000e+000
  0.0000000e+000
  0.0000000e+000
  0.0000000e+000
  0.0000000e+000
  0.0000000e+000
  0.0000000e+000
  0.0000000e+000
  0.0000000e+000
  0.0000000e+000
  0.0000000e+000
  0.0000000e+000
  0.0000000e+000
  0.0000000e+000
  0.0000000e+000
  0.0000000e+000
  0.0000000e+000
  0.0000000e+000
  0.0000000e+000
  0.0000000e+000
  0.0000000e+000
  0.0000000e+000
  0.0000000e+000
  0.0000000e+000
  0.0000000e+000
  0.0000000e+000
  0.0000000e+000
  0.0000000e+000
  0.0000000e+000
  0.0000000e+000
  0.0000000e+000
  0.0000000e+000
  0.0000000e+000
  0.0000000e+000
