  0.0000000e+000
  0.0000000e+000
  0.0000000e+000
  0.0000000e+000
  0.0000000e+000
  0.0000000e+000
  0.0000000e+000
  0.0000000e+000
  0.0000000e+000
  0.0000000e+000
  0.0000000e+000
  0.0000000e+000
  0.0000000e+000
  0.0000000e+000
  0.0000000e+000
  0.0000000e+000
  0.0000000e+000
  0.0000000e+000
  0.0000000e+000
  0.0000000e+000
  0.0000000e+000
  0.0000000e+000
  0.0000000e+000
  0.0000000e+000
  0.0000000e+000
  0.0000000e+000
  0.0000000e+000
  0.0000000e+000
  0.0000000e+000
  0.0000000e+000
  0.0000000e+000
  0.0000000e+000
  0.0000000e+000
  0.0000000e+000
  0.0000000e+000
  0.0000000e+000
  0.0000000e+000
  0.0000000e+000
  0.0000000e+000
  0.0000000e+000
  0.0000000e+000
  0.0000000e+000
  0.0000000e+000
  0.0000000e+000
  0.0000000e+000
  0.0000000e+000
  0.0000000e+000
  0.0000000e+000
  0.0000000e+000
  0.0000000e+000
  0.0000000e+000
  0.0000000e+000
  0.0000000e+000
  0.0000000e+000
  0.0000000e+000
  0.0000000e+000
  0.0000000e+000
  0.0000000e+000
  0.0000000e+000
  0.0000000e+000
 -1.1600000e+000
 -1.1328001e+000
 -1.0524723e+000
 -7.4976568e-001
 -5.4154107e-001
 -3.0783516e-001
 -5.9575767e-002
  1.9162877e-001
  4.3403240e-001
  8.4804038e-001
  1.0002862e+000
  1.1059191e+000
  1.1600000e+000
  1.1600000e+000
  1.1059191e+000
  1.0002862e+000
  6.5630061e-001
  4.3403240e-001
  1.9162877e-001
 -5.9575767e-002
 -3.0783516e-001
 -5.4154107e-001
 -9.2277264e-001
 -1.0524723e+000
 -1.1328001e+000
  0.0000000e+000
  0.0000000e+000
  0.0000000e+000
  0.0000000e+000
 -1.1600000e+000
 -1.1328001e+000
 -1.0524723e+000
 -7.4976568e-001
 -5.4154107e-001
 -3.0783516e-001
 -5.9575767e-002
  1.9162877e-001
  4.3403240e-001
  8.4804038e-001
  1.0002862e+000
  1.1059191e+000
  1.1600000e+000
  1.1600000e+000
  1.1059191e+000
  1.0002862e+000
  6.5630061e-001
  4.3403240e-001
  1.9162877e-001
 -5.9575767e-002
 -3.0783516e-001
 -5.4154107e-001
 -9.2277264e-001
 -1.0524723e+000
 -1.1328001e+000
  0.0000000e+000
  0.0000000e+000
  0.0000000e+000
  0.0000000e+000
 -1.1600000e+000
 -1.1328001e+000
 -1.0524723e+000
 -7.4976568e-001
 -5.4154107e-001
 -3.0783516e-001
 -5.9575767e-002
  1.9162877e-001
  4.3403240e-001
  8.4804038e-001
  1.0002862e+000
  1.1059191e+000
  1.1600000e+000
  1.1600000e+000
  1.1059191e+000
  1.0002862e+000
  6.5630061e-001
  4.3403240e-001
  1.9162877e-001
 -5.9575767e-002
 -3.0783516e-001
 -5.4154107e-001
 -9.2277264e-001
 -1.0524723e+000
 -1.1328001e+000
  0.0000000e+000
  0.0000000e+000
  0.0000000e+000
  0.0000000e+000
 -1.1600000e+000
 -1.1328001e+000
 -1.0524723e+000
 -7.4976568e-001
 -5.4154107e-001
 -3.0783516e-001
 -5.9575767e-002
  1.9162877e-001
  4.3403240e-001
  8.4804038e-001
  1.0002862e+000
  1.1059191e+000
  1.1600000e+000
  1.1600000e+000
  1.1059191e+000
  1.0002862e+000
  6.5630061e-001
  4.3403240e-001
  1.9162877e-001
 -5.9575767e-002
 -3.0783516e-001
 -5.4154107e-001
 -9.2277264e-001
 -1.0524723e+000
 -1.1328001e+000
  0.0000000e+000
  0.0000000e+000
  0.0000000e+000
  0.0000000e+000
 -1.1600000e+000
 -1.1328001e+000
 -1.0524723e+000
 -7.4976568e-001
 -5.4154107e-001
 -3.0783516e-001
 -5.9575767e-002
  1.9162877e-001
  4.3403240e-001
  8.4804038e-001
  1.0002862e+000
  1.1059191e+000
  1.1600000e+000
  1.1600000e+000
  1.1059191e+000
  1.0002862e+000
  6.5630061e-001
  4.3403240e-001
  1.9162877e-001
 -5.9575767e-002
 -3.0783516e-001
 -5.4154107e-001
 -9.2277264e-001
 -1.0524723e+000
 -1.1328001e+000
  0.0000000e+000
  0.0000000e+000
  0.0000000e+000
  0.0000000e+000
 -1.1600000e+000
 -1.1328001e+000
 -1.0524723e+000
 -7.4976568e-001
 -5.4154107e-001
 -3.0783516e-001
 -5.9575767e-002
  1.9162877e-001
  4.3403240e-001
  8.4804038e-001
  1.0002862e+000
  1.1059191e+000
  1.1600000e+000
  1.1600000e+000
  1.1059191e+000
  1.0002862e+000
  6.5630061e-001
  4.3403240e-001
  1.9162877e-001
 -5.9575767e-002
 -3.0783516e-001
 -5.4154107e-001
 -9.2277264e-001
 -1.0524723e+000
 -1.1328001e+000
  0.0000000e+000
  0.0000000e+000
  0.0000000e+000
  0.0000000e+000
 -1.1600000e+000
 -1.1328001e+000
 -1.0524723e+000
 -7.4976568e-001
 -5.4154107e-001
 -3.0783516e-001
 -5.9575767e-002
  1.9162877e-001
  4.3403240e-001
  8.4804038e-001
  1.0002862e+000
  1.1059191e+000
  1.1600000e+000
  1.1600000e+000
  1.1059191e+000
  1.0002862e+000
  6.5630061e-001
  4.3403240e-001
  1.9162877e-001
 -5.9575767e-002
 -3.0783516e-001
 -5.4154107e-001
 -9.2277264e-001
 -1.0524723e+000
 -1.1328001e+000
  0.0000000e+000
  0.0000000e+000
  0.0000000e+000
  0.0000000e+000
 -1.1600000e+000
 -1.1328001e+000
 -1.0524723e+000
 -7.4976568e-001
 -5.4154107e-001
 -3.0783516e-001
 -5.9575767e-002
  1.9162877e-001
  4.3403240e-001
  8.4804038e-001
  1.0002862e+000
  1.1059191e+000
  1.1600000e+000
  1.1600000e+000
  1.1059191e+000
  1.0002862e+000
  6.5630061e-001
  4.3403240e-001
  1.9162877e-001
 -5.9575767e-002
 -3.0783516e-001
 -5.4154107e-001
 -9.2277264e-001
 -1.0524723e+000
 -1.1328001e+000
  0.0000000e+000
  0.0000000e+000
  0.0000000e+000
  0.0000000e+000
 -1.1600000e+000
 -1.1328001e+000
 -1.0524723e+000
 -7.4976568e-001
 -5.4154107e-001
 -3.0783516e-001
 -5.9575767e-002
  1.9162877e-001
  4.3403240e-001
  8.4804038e-001
  1.0002862e+000
  1.1059191e+000
  1.1600000e+000
  1.1600000e+000
  1.1059191e+000
  1.0002862e+000
  6.5630061e-001
  4.3403240e-001
  1.9162877e-001
 -5.9575767e-002
 -3.0783516e-001
 -5.4154107e-001
 -9.2277264e-001
 -1.0524723e+000
 -1.1328001e+000
  0.0000000e+000
  0.0000000e+000
  0.0000000e+000
  0.0000000e+000
 -1.1600000e+000
 -1.1328001e+000
 -1.0524723e+000
 -7.4976568e-001
 -5.4154107e-001
 -3.0783516e-001
 -5.9575767e-002
  1.9162877e-001
  4.3403240e-001
  8.4804038e-001
  1.0002862e+000
  1.1059191e+000
  1.1600000e+000
  1.1600000e+000
  1.1059191e+000
  1.0002862e+000
  6.5630061e-001
  4.3403240e-001
  1.9162877e-001
 -5.9575767e-002
 -3.0783516e-001
 -5.4154107e-001
 -9.2277264e-001
 -1.0524723e+000
 -1.1328001e+000
  0.0000000e+000
  0.0000000e+000
  0.0000000e+000
  0.0000000e+000
 -1.1600000e+000
 -1.1328001e+000
 -1.0524723e+000
 -7.4976568e-001
 -5.4154107e-001
 -3.0783516e-001
 -5.9575767e-002
  1.9162877e-001
  4.3403240e-001
  8.4804038e-001
  1.0002862e+000
  1.1059191e+000
  1.1600000e+000
  1.1600000e+000
  1.1059191e+000
  1.0002862e+000
  6.5630061e-001
  4.3403240e-001
  1.9162877e-001
 -5.9575767e-002
 -3.0783516e-001
 -5.4154107e-001
 -9.2277264e-001
 -1.0524723e+000
 -1.1328001e+000
  0.0000000e+000
  0.0000000e+000
  0.0000000e+000
  0.0000000e+000
 -1.1600000e+000
 -1.1328001e+000
 -1.0524723e+000
 -7.4976568e-001
 -5.4154107e-001
 -3.0783516e-001
 -5.9575767e-002
  1.9162877e-001
  4.3403240e-001
  8.4804038e-001
  1.0002862e+000
  1.1059191e+000
  1.1600000e+000
  1.1600000e+000
  1.1059191e+000
  1.0002862e+000
  6.5630061e-001
  4.3403240e-001
  1.9162877e-001
 -5.9575767e-002
 -3.0783516e-001
 -5.4154107e-001
 -9.2277264e-001
 -1.0524723e+000
 -1.1328001e+000
  0.0000000e+000
  0.0000000e+000
  0.0000000e+000
  0.0000000e+000
 -1.1600000e+000
 -1.1328001e+000
 -1.0524723e+000
 -7.4976568e-001
 -5.4154107e-001
 -3.0783516e-001
 -5.9575767e-002
  1.9162877e-001
  4.3403240e-001
  8.4804038e-001
  1.0002862e+000
  1.1059191e+000
  1.1600000e+000
  1.1600000e+000
  1.1059191e+000
  1.0002862e+000
  6.5630061e-001
  4.3403240e-001
  1.9162877e-001
 -5.9575767e-002
 -3.0783516e-001
 -5.4154107e-001
 -9.2277264e-001
 -1.0524723e+000
 -1.1328001e+000
  0.0000000e+000
  0.0000000e+000
  0.0000000e+000
  0.0000000e+000
 -1.1600000e+000
 -1.1328001e+000
 -1.0524723e+000
 -7.4976568e-001
 -5.4154107e-001
 -3.0783516e-001
 -5.9575767e-002
  1.9162877e-001
  4.3403240e-001
  8.4804038e-001
  1.0002862e+000
  1.1059191e+000
  1.1600000e+000
  1.1600000e+000
  1.1059191e+000
  1.0002862e+000
  6.5630061e-001
  4.3403240e-001
  1.9162877e-001
 -5.9575767e-002
 -3.0783516e-001
 -5.4154107e-001
 -9.2277264e-001
 -1.0524723e+000
 -1.1328001e+000
  0.0000000e+000
  0.0000000e+000
  0.0000000e+000
  0.0000000e+000
 -1.1600000e+000
 -1.1328001e+000
 -1.0524723e+000
 -7.4976568e-001
 -5.4154107e-001
 -3.0783516e-001
 -5.9575767e-002
  1.9162877e-001
  4.3403240e-001
  8.4804038e-001
  1.0002862e+000
  1.1059191e+000
  1.1600000e+000
  1.1600000e+000
  1.1059191e+000
  1.0002862e+000
  6.5630061e-001
  4.3403240e-001
  1.9162877e-001
 -5.9575767e-002
 -3.0783516e-001
 -5.4154107e-001
 -9.2277264e-001
 -1.0524723e+000
 -1.1328001e+000
  0.0000000e+000
  0.0000000e+000
  0.0000000e+000
  0.0000000e+000
 -1.1600000e+000
 -1.1328001e+000
 -1.0524723e+000
 -7.4976568e-001
 -5.4154107e-001
 -3.0783516e-001
 -5.9575767e-002
  1.9162877e-001
  4.3403240e-001
  8.4804038e-001
  1.0002862e+000
  1.1059191e+000
  1.1600000e+000
  1.1600000e+000
  1.1059191e+000
  1.0002862e+000
  6.5630061e-001
  4.3403240e-001
  1.9162877e-001
 -5.9575767e-002
 -3.0783516e-001
 -5.4154107e-001
 -9.2277264e-001
 -1.0524723e+000
 -1.1328001e+000
  0.0000000e+000
  0.0000000e+000
  0.0000000e+000
  0.0000000e+000
 -1.1600000e+000
 -1.1328001e+000
 -1.0524723e+000
 -7.4976568e-001
 -5.4154107e-001
 -3.0783516e-001
 -5.9575767e-002
  1.9162877e-001
  4.3403240e-001
  8.4804038e-001
  1.0002862e+000
  1.1059191e+000
  1.1600000e+000
  1.1600000e+000
  1.1059191e+000
  1.0002862e+000
  6.5630061e-001
  4.3403240e-001
  1.9162877e-001
 -5.9575767e-002
 -3.0783516e-001
 -5.4154107e-001
 -9.2277264e-001
 -1.0524723e+000
 -1.1328001e+000
  0.0000000e+000
  0.0000000e+000
  0.0000000e+000
  0.0000000e+000
 -1.1600000e+000
 -1.1328001e+000
 -1.0524723e+000
 -7.4976568e-001
 -5.4154107e-001
 -3.0783516e-001
 -5.9575767e-002
  1.9162877e-001
  4.3403240e-001
  8.4804038e-001
  1.0002862e+000
  1.1059191e+000
  1.1600000e+000
  1.1600000e+000
  1.1059191e+000
  1.0002862e+000
  6.5630061e-001
  4.3403240e-001
  1.9162877e-001
 -5.9575767e-002
 -3.0783516e-001
 -5.4154107e-001
 -9.2277264e-001
 -1.0524723e+000
 -1.1328001e+000
  0.0000000e+000
  0.0000000e+000
  0.0000000e+000
  0.0000000e+000
 -1.1600000e+000
 -1.1328001e+000
 -1.0524723e+000
 -7.4976568e-001
 -5.4154107e-001
 -3.0783516e-001
 -5.9575767e-002
  1.9162877e-001
  4.3403240e-001
  8.4804038e-001
  1.0002862e+000
  1.1059191e+000
  1.1600000e+000
  1.1600000e+000
  1.1059191e+000
  1.0002862e+000
  6.5630061e-001
  4.3403240e-001
  1.9162877e-001
 -5.9575767e-002
 -3.0783516e-001
 -5.4154107e-001
 -9.2277264e-001
 -1.0524723e+000
 -1.1328001e+000
  0.0000000e+000
  0.0000000e+000
  0.0000000e+000
  0.0000000e+000
 -1.1600000e+000
 -1.1328001e+000
 -1.0524723e+000
 -7.4976568e-001
 -5.4154107e-001
 -3.0783516e-001
 -5.9575767e-002
  1.9162877e-001
  4.3403240e-001
  8.4804038e-001
  1.0002862e+000
  1.1059191e+000
  1.1600000e+000
  1.1600000e+000
  1.1059191e+000
  1.0002862e+000
  6.5630061e-001
  4.3403240e-001
  1.9162877e-001
 -5.9575767e-002
 -3.0783516e-001
 -5.4154107e-001
 -9.2277264e-001
 -1.0524723e+000
 -1.1328001e+000
  0.0000000e+000
  0.0000000e+000
  0.0000000e+000
  0.0000000e+000
 -1.1600000e+000
 -1.1328001e+000
 -1.0524723e+000
 -7.4976568e-001
 -5.4154107e-001
 -3.0783516e-001
 -5.9575767e-002
  1.9162877e-001
  4.3403240e-001
  8.4804038e-001
  1.0002862e+000
  1.1059191e+000
  1.1600000e+000
  1.1600000e+000
  1.1059191e+000
  1.0002862e+000
  6.5630061e-001
  4.3403240e-001
  1.9162877e-001
 -5.9575767e-002
 -3.0783516e-001
 -5.4154107e-001
 -9.2277264e-001
 -1.0524723e+000
 -1.1328001e+000
  0.0000000e+000
  0.0000000e+000
  0.0000000e+000
  0.0000000e+000
 -1.1600000e+000
 -1.1328001e+000
 -1.0524723e+000
 -7.4976568e-001
 -5.4154107e-001
 -3.0783516e-001
 -5.9575767e-002
  1.9162877e-001
  4.3403240e-001
  8.4804038e-001
  1.0002862e+000
  1.1059191e+000
  1.1600000e+000
  1.1600000e+000
  1.1059191e+000
  1.0002862e+000
  6.5630061e-001
  4.3403240e-001
  1.9162877e-001
 -5.9575767e-002
 -3.0783516e-001
 -5.4154107e-001
 -9.2277264e-001
 -1.0524723e+000
 -1.1328001e+000
  0.0000000e+000
  0.0000000e+000
  0.0000000e+000
  0.0000000e+000
 -1.1600000e+000
 -1.1328001e+000
 -1.0524723e+000
 -7.4976568e-001
 -5.4154107e-001
 -3.0783516e-001
 -5.9575767e-002
  1.9162877e-001
  4.3403240e-001
  8.4804038e-001
  1.0002862e+000
  1.1059191e+000
  1.1600000e+000
  1.1600000e+000
  1.1059191e+000
  1.0002862e+000
  6.5630061e-001
  4.3403240e-001
  1.9162877e-001
 -5.9575767e-002
 -3.0783516e-001
 -5.4154107e-001
 -9.2277264e-001
 -1.0524723e+000
 -1.1328001e+000
  0.0000000e+000
  0.0000000e+000
  0.0000000e+000
  0.0000000e+000
 -1.1600000e+000
 -1.1328001e+000
 -1.0524723e+000
 -7.4976568e-001
 -5.4154107e-001
 -3.0783516e-001
 -5.9575767e-002
  1.9162877e-001
  4.3403240e-001
  8.4804038e-001
  1.0002862e+000
  1.1059191e+000
  1.1600000e+000
  1.1600000e+000
  1.1059191e+000
  1.0002862e+000
  6.5630061e-001
  4.3403240e-001
  1.9162877e-001
 -5.9575767e-002
 -3.0783516e-001
 -5.4154107e-001
 -9.2277264e-001
 -1.0524723e+000
 -1.1328001e+000
  0.0000000e+000
  0.0000000e+000
  0.0000000e+000
  0.0000000e+000
 -1.1600000e+000
 -1.1328001e+000
 -1.0524723e+000
 -7.4976568e-001
 -5.4154107e-001
 -3.0783516e-001
 -5.9575767e-002
  1.9162877e-001
  4.3403240e-001
  8.4804038e-001
  1.0002862e+000
  1.1059191e+000
  1.1600000e+000
  1.1600000e+000
  1.1059191e+000
  1.0002862e+000
  6.5630061e-001
  4.3403240e-001
  1.9162877e-001
 -5.9575767e-002
 -3.0783516e-001
 -5.4154107e-001
 -9.2277264e-001
 -1.0524723e+000
 -1.1328001e+000
  0.0000000e+000
  0.0000000e+000
  0.0000000e+000
  0.0000000e+000
  0.0000000e+000
  0.0000000e+000
  0.0000000e+000
  0.0000000e+000
  0.0000000e+000
  0.0000000e+000
  0.0000000e+000
  0.0000000e+000
  0.0000000e+000
  0.0000000e+000
  0.0000000e+000
  0.0000000e+000
  0.0000000e+000
  0.0000000e+000
  0.0000000e+000
  0.0000000e+000
  0.0000000e+000
  0.0000000e+000
  0.0000000e+000
  0.0000000e+000
  0.0000000e+000
  0.0000000e+000
  0.0000000e+000
  0.0000000e+000
  0.0000000e+000
  0.0000000e+000
  0.0000000e+000
  0.0000000e+000
  0.0000000e+000
  0.0000000e+000
  0.0000000e+000
  0.0000000e+000
  0.0000000e+000
  0.0000000e+000
  0.0000000e+000
  0.0000000e+000
  0.0000000e+000
  0.0000000e+000
  0.0000000e+000
  0.0000000e+000
  0.0000000e+000
  0.0000000e+000
  0.0000000e+000
  0.0000000e+000
  0.0000000e+000
  0.0000000e+000
  0.0000000e+000
  0.0000000e+000
  0.0000000e+000
  0.0000000e+000
  0.0000000e+000
  0.0000000e+000
  0.0000000e+000
  0.0000000e+000
  0.0000000e+000
  0.0000000e+000
