  0.0000000e+000
  0.0000000e+000
  0.0000000e+000
  0.0000000e+000
  0.0000000e+000
  0.0000000e+000
  0.0000000e+000
  0.0000000e+000
  0.0000000e+000
  0.0000000e+000
  0.0000000e+000
  0.0000000e+000
  0.0000000e+000
  0.0000000e+000
  0.0000000e+000
  0.0000000e+000
  0.0000000e+000
  0.0000000e+000
  0.0000000e+000
  0.0000000e+000
  0.0000000e+000
  0.0000000e+000
  0.0000000e+000
  0.0000000e+000
  0.0000000e+000
  0.0000000e+000
  0.0000000e+000
  0.0000000e+000
  0.0000000e+000
  0.0000000e+000
  0.0000000e+000
  0.0000000e+000
  0.0000000e+000
  0.0000000e+000
  0.0000000e+000
  0.0000000e+000
  0.0000000e+000
  0.0000000e+000
  0.0000000e+000
  0.0000000e+000
  0.0000000e+000
  0.0000000e+000
  0.0000000e+000
  0.0000000e+000
  0.0000000e+000
  0.0000000e+000
  0.0000000e+000
  0.0000000e+000
  0.0000000e+000
  0.0000000e+000
  0.0000000e+000
  0.0000000e+000
  0.0000000e+000
  0.0000000e+000
  0.0000000e+000
  0.0000000e+000
  0.0000000e+000
  0.0000000e+000
  0.0000000e+000
  0.0000000e+000
  0.0000000e+000
  0.0000000e+000
  0.0000000e+000
  0.0000000e+000
  0.0000000e+000
  0.0000000e+000
  0.0000000e+000
  0.0000000e+000
  0.0000000e+000
  0.0000000e+000
  0.0000000e+000
  0.0000000e+000
  0.0000000e+000
  0.0000000e+000
  0.0000000e+000
  0.0000000e+000
  0.0000000e+000
  0.0000000e+000
  0.0000000e+000
  0.0000000e+000
  0.0000000e+000
  0.0000000e+000
  0.0000000e+000
  0.0000000e+000
  0.0000000e+000
  0.0000000e+000
  0.0000000e+000
  0.0000000e+000
  0.0000000e+000
  0.0000000e+000
  0.0000000e+000
  0.0000000e+000
  0.0000000e+000
  0.0000000e+000
  0.0000000e+000
  0.0000000e+000
  0.0000000e+000
  0.0000000e+000
  0.0000000e+000
  0.0000000e+000
  0.0000000e+000
  0.0000000e+000
  0.0000000e+000
  0.0000000e+000
  0.0000000e+000
  0.0000000e+000
  0.0000000e+000
  0.0000000e+000
  0.0000000e+000
  0.0000000e+000
  0.0000000e+000
  0.0000000e+000
  0.0000000e+000
  0.0000000e+000
  0.0000000e+000
  0.0000000e+000
  0.0000000e+000
  0.0000000e+000
  0.0000000e+000
  0.0000000e+000
  0.0000000e+000
  0.0000000e+000
  0.0000000e+000
  0.0000000e+000
  0.0000000e+000
  0.0000000e+000
  0.0000000e+000
  0.0000000e+000
  0.0000000e+000
  0.0000000e+000
  0.0000000e+000
  0.0000000e+000
  0.0000000e+000
  0.0000000e+000
  0.0000000e+000
  0.0000000e+000
  0.0000000e+000
  0.0000000e+000
  0.0000000e+000
  0.0000000e+000
  0.0000000e+000
  0.0000000e+000
  0.0000000e+000
  0.0000000e+000
  0.0000000e+000
  0.0000000e+000
  0.0000000e+000
  0.0000000e+000
  0.0000000e+000
  0.0000000e+000
  6.2358426e-001
  3.0951467e-001
  1.4609900e-001
 -1.8393703e-001
 -3.4668802e-001
 -6.5813781e-001
 -8.0318514e-001
 -1.0634419e+000
 -1.1756000e+000
 -1.3574164e+000
 -1.4757643e+000
 -1.5092842e+000
 -1.5230556e+000
 -1.5031457e+000
 -1.4108988e+000
 -1.3396434e+000
 -1.1510360e+000
 -1.0358952e+000
 -7.7067309e-001
  0.0000000e+000
  0.0000000e+000
  0.0000000e+000
  0.0000000e+000
  0.0000000e+000
  0.0000000e+000
  0.0000000e+000
  0.0000000e+000
  0.0000000e+000
  0.0000000e+000
  1.0908108e+000
  8.3579716e-001
  6.9281014e-001
  3.8423799e-001
  2.2227057e-001
 -1.0755459e-001
 -2.7154544e-001
 -5.8809302e-001
 -7.3693850e-001
 -1.0070680e+000
 -1.2301108e+000
 -1.3206154e+000
 -1.4542981e+000
 -1.4959089e+000
 -1.5262358e+000
 -1.5145964e+000
 -1.4383924e+000
 -1.3747213e+000
 -1.1999646e+000
  0.0000000e+000
  0.0000000e+000
  0.0000000e+000
  0.0000000e+000
  0.0000000e+000
  0.0000000e+000
  0.0000000e+000
  0.0000000e+000
  0.0000000e+000
  0.0000000e+000
  1.2708155e+000
  1.0593652e+000
  9.3434886e-001
  6.5304507e-001
  5.0005567e-001
  1.7834913e-001
  1.3403700e-002
 -3.1502497e-001
 -4.7465768e-001
 -7.7542408e-001
 -1.0399352e+000
 -1.1546473e+000
 -1.3422758e+000
 -1.4129925e+000
 -1.5040948e+000
 -1.5234124e+000
 -1.5084507e+000
 -1.4743468e+000
 -1.3548875e+000
  0.0000000e+000
  0.0000000e+000
  0.0000000e+000
  0.0000000e+000
  0.0000000e+000
  0.0000000e+000
  0.0000000e+000
  0.0000000e+000
  0.0000000e+000
  0.0000000e+000
  1.4922359e+000
  1.3883903e+000
  1.3116959e+000
  1.1132493e+000
  9.9382363e-001
  7.2155199e-001
  5.7189815e-001
  2.5430664e-001
  9.0092435e-002
 -2.3956913e-001
 -5.5803145e-001
 -7.0836966e-001
 -9.8246797e-001
 -1.1030145e+000
 -1.3040524e+000
 -1.3821869e+000
 -1.4891170e+000
 -1.5166591e+000
 -1.5182866e+000
  0.0000000e+000
  0.0000000e+000
  0.0000000e+000
  0.0000000e+000
  0.0000000e+000
  0.0000000e+000
  0.0000000e+000
  0.0000000e+000
  0.0000000e+000
  0.0000000e+000
  1.5258789e+000
  1.4822975e+000
  1.4342581e+000
  1.2884916e+000
  1.1924735e+000
  9.5978280e-001
  8.2583834e-001
  5.3058466e-001
  3.7273702e-001
  4.5831545e-002
 -2.8321970e-001
 -4.4372597e-001
 -7.4731293e-001
 -8.8683433e-001
 -1.1331734e+000
 -1.2371029e+000
 -1.4004038e+000
 -1.4578607e+000
 -1.5210271e+000
  0.0000000e+000
  0.0000000e+000
  0.0000000e+000
  0.0000000e+000
  0.0000000e+000
  0.0000000e+000
  0.0000000e+000
  0.0000000e+000
  0.0000000e+000
  0.0000000e+000
  1.4331669e+000
  1.5125342e+000
  1.5257989e+000
  1.4987147e+000
  1.4586833e+000
  1.3279831e+000
  1.2388466e+000
  1.0182140e+000
  8.8930447e-001
  6.0183817e-001
  2.8622785e-001
  1.2244761e-001
 -2.0748468e-001
 -3.6976857e-001
 -6.7948100e-001
 -8.2327845e-001
 -1.0803461e+000
 -1.1906024e+000
 -1.3681120e+000
  0.0000000e+000
  0.0000000e+000
  0.0000000e+000
  0.0000000e+000
  0.0000000e+000
  0.0000000e+000
  0.0000000e+000
  0.0000000e+000
  0.0000000e+000
  0.0000000e+000
  1.3100665e+000
  1.4478024e+000
  1.4915641e+000
  1.5263158e+000
  1.5168983e+000
  1.4450274e+000
  1.3834167e+000
  1.2124478e+000
  1.1050940e+000
  8.5292635e-001
  5.6087406e-001
  4.0410283e-001
  7.8238670e-002
 -8.7033811e-002
 -4.1259394e-001
 -5.6906470e-001
 -8.6023671e-001
 -9.9152425e-001
 -1.2178243e+000
  0.0000000e+000
  0.0000000e+000
  0.0000000e+000
  0.0000000e+000
  0.0000000e+000
  0.0000000e+000
  0.0000000e+000
  0.0000000e+000
  0.0000000e+000
  0.0000000e+000
  9.3183149e-001
  1.1699203e+000
  1.2690509e+000
  1.4216867e+000
  1.4734026e+000
  1.5246054e+000
  1.5234922e+000
  1.4679015e+000
  1.4140758e+000
  1.2575114e+000
  1.0421445e+000
  9.1546178e-001
  6.3150643e-001
  4.7756296e-001
  1.5474748e-001
 -1.0339813e-002
 -3.3821869e-001
 -4.9716620e-001
 -7.9578163e-001
  0.0000000e+000
  0.0000000e+000
  0.0000000e+000
  0.0000000e+000
  0.0000000e+000
  0.0000000e+000
  0.0000000e+000
  0.0000000e+000
  0.0000000e+000
  0.0000000e+000
  6.8997419e-001
  9.6652466e-001
  1.0885834e+000
  1.2931294e+000
  1.3732187e+000
  1.4843456e+000
  1.5140805e+000
  1.5201541e+000
  1.4964216e+000
  1.3968060e+000
  1.2318745e+000
  1.1272150e+000
  8.7962921e-001
  7.3960564e-001
  4.3528616e-001
  2.7455812e-001
 -5.4634724e-002
 -2.1924003e-001
 -5.3884183e-001
  0.0000000e+000
  0.0000000e+000
  0.0000000e+000
  0.0000000e+000
  0.0000000e+000
  0.0000000e+000
  0.0000000e+000
  0.0000000e+000
  0.0000000e+000
  0.0000000e+000
  1.4293225e-001
  4.6627292e-001
  6.2067948e-001
  9.0593489e-001
  1.0334394e+000
  1.2507451e+000
  1.3379986e+000
  1.4646041e+000
  1.5024717e+000
  1.5251222e+000
  1.4764569e+000
  1.4259636e+000
  1.2756084e+000
  1.1775094e+000
  9.4120572e-001
  8.0577143e-001
  5.0825861e-001
  3.4966814e-001
  2.2093918e-002
  0.0000000e+000
  0.0000000e+000
  0.0000000e+000
  0.0000000e+000
  0.0000000e+000
  0.0000000e+000
  0.0000000e+000
  0.0000000e+000
  0.0000000e+000
  0.0000000e+000
 -4.2401141e-001
 -9.8883654e-002
  6.6380168e-002
  3.9264258e-001
  5.4981604e-001
  8.4305549e-001
  9.7568353e-001
  1.2051997e+000
  1.2993970e+000
  1.4411610e+000
  1.5155353e+000
  1.5262358e+000
  1.4940381e+000
  1.4515173e+000
  1.3161185e+000
  1.2248279e+000
  1.0004035e+000
  8.6990074e-001
  5.7994645e-001
  0.0000000e+000
  0.0000000e+000
  0.0000000e+000
  0.0000000e+000
  0.0000000e+000
  0.0000000e+000
  0.0000000e+000
  0.0000000e+000
  0.0000000e+000
  0.0000000e+000
 -6.9009127e-001
 -3.8127564e-001
 -2.1924003e-001
  1.1061044e-001
  2.7455812e-001
  5.9091019e-001
  7.3960564e-001
  1.0093393e+000
  1.1272150e+000
  1.3220908e+000
  1.4551443e+000
  1.4964216e+000
  1.5260635e+000
  1.5140805e+000
  1.4372075e+000
  1.3732187e+000
  1.1978788e+000
  1.0885834e+000
  8.3313364e-001
  0.0000000e+000
  0.0000000e+000
  0.0000000e+000
  0.0000000e+000
  0.0000000e+000
  0.0000000e+000
  0.0000000e+000
  0.0000000e+000
  0.0000000e+000
  0.0000000e+000
 -1.1410933e+000
 -8.9647026e-001
 -7.5764214e-001
 -4.5507175e-001
 -2.9487683e-001
  3.3963761e-002
  1.9875408e-001
  5.1943735e-001
  6.7157058e-001
  9.5052301e-001
  1.1850273e+000
  1.2820888e+000
  1.4301541e+000
  1.4794219e+000
  1.5255467e+000
  1.5218628e+000
  1.4612181e+000
  1.4049682e+000
  1.2439031e+000
  0.0000000e+000
  0.0000000e+000
  0.0000000e+000
  0.0000000e+000
  0.0000000e+000
  0.0000000e+000
  0.0000000e+000
  0.0000000e+000
  0.0000000e+000
  0.0000000e+000
 -1.3101836e+000
 -1.1111878e+000
 -9.9152425e-001
 -7.1886437e-001
 -5.6906470e-001
 -2.5128659e-001
 -8.7033811e-002
  2.4259319e-001
  4.0410283e-001
  7.1106886e-001
  9.8478336e-001
  1.1050940e+000
  1.3055860e+000
  1.3834167e+000
  1.4896959e+000
  1.5168983e+000
  1.5178379e+000
  1.4915641e+000
  1.3870659e+000
  0.0000000e+000
  0.0000000e+000
  0.0000000e+000
  0.0000000e+000
  0.0000000e+000
  0.0000000e+000
  0.0000000e+000
  0.0000000e+000
  0.0000000e+000
  0.0000000e+000
 -1.5060732e+000
 -1.4174410e+000
 -1.3478884e+000
 -1.1623775e+000
 -1.0485943e+000
 -7.8562662e-001
 -6.3952521e-001
 -3.2663171e-001
 -1.6350801e-001
  1.6655334e-001
  4.8882410e-001
  6.4229518e-001
  9.2493330e-001
  1.0507867e+000
  1.2642017e+000
  1.3492613e+000
  1.4711101e+000
  1.5064707e+000
  1.5239965e+000
  0.0000000e+000
  0.0000000e+000
  0.0000000e+000
  0.0000000e+000
  0.0000000e+000
  0.0000000e+000
  0.0000000e+000
  0.0000000e+000
  0.0000000e+000
  0.0000000e+000
 -1.5259959e+000
 -1.4982262e+000
 -1.4578607e+000
 -1.3265292e+000
 -1.2371029e+000
 -1.0159591e+000
 -8.8683433e-001
 -5.9903065e-001
 -4.4372597e-001
 -1.1939363e-001
  2.1051870e-001
  3.7273702e-001
  6.8221100e-001
  8.2583834e-001
  1.0824740e+000
  1.1924735e+000
  1.3694027e+000
  1.4342581e+000
  1.5129575e+000
  0.0000000e+000
  0.0000000e+000
  0.0000000e+000
  0.0000000e+000
  0.0000000e+000
  0.0000000e+000
  0.0000000e+000
  0.0000000e+000
  0.0000000e+000
  0.0000000e+000
 -1.4063252e+000
 -1.5010341e+000
 -1.5222196e+000
 -1.5110135e+000
 -1.4787533e+000
 -1.3628054e+000
 -1.2804771e+000
 -1.0719264e+000
 -9.4814915e-001
 -6.6882963e-001
 -3.5823913e-001
 -1.9571677e-001
  1.3427737e-001
  2.9788027e-001
  6.1272975e-001
  7.6028501e-001
  1.0270271e+000
  1.1430866e+000
  1.3337951e+000
  0.0000000e+000
  0.0000000e+000
  0.0000000e+000
  0.0000000e+000
  0.0000000e+000
  0.0000000e+000
  0.0000000e+000
  0.0000000e+000
  0.0000000e+000
  0.0000000e+000
 -1.2709326e+000
 -1.4229582e+000
 -1.4743468e+000
 -1.5248700e+000
 -1.5234124e+000
 -1.4671437e+000
 -1.4129925e+000
 -1.2558229e+000
 -1.1546473e+000
 -9.1303155e-001
 -6.2872616e-001
 -4.7465768e-001
 -1.5169956e-001
  1.3403700e-002
  3.4120289e-001
  5.0005567e-001
  7.9837743e-001
  9.3434886e-001
  1.1719608e+000
  0.0000000e+000
  0.0000000e+000
  0.0000000e+000
  0.0000000e+000
  0.0000000e+000
  0.0000000e+000
  0.0000000e+000
  0.0000000e+000
  0.0000000e+000
  0.0000000e+000
 -8.7262974e-001
 -1.1214543e+000
 -1.2268404e+000
 -1.3933970e+000
 -1.4526148e+000
 -1.5194661e+000
 -1.5263158e+000
 -1.4864628e+000
 -1.4402273e+000
 -1.2978424e+000
 -1.0947745e+000
 -9.7335226e-001
 -6.9783210e-001
 -5.4696445e-001
 -2.2783719e-001
 -6.3319057e-002
  2.6600470e-001
  4.2694931e-001
  7.3199146e-001
  0.0000000e+000
  0.0000000e+000
  0.0000000e+000
  0.0000000e+000
  0.0000000e+000
  0.0000000e+000
  0.0000000e+000
  0.0000000e+000
  0.0000000e+000
  0.0000000e+000
  0.0000000e+000
  0.0000000e+000
  0.0000000e+000
  0.0000000e+000
  0.0000000e+000
  0.0000000e+000
  0.0000000e+000
  0.0000000e+000
  0.0000000e+000
  0.0000000e+000
  0.0000000e+000
  0.0000000e+000
  0.0000000e+000
  0.0000000e+000
  0.0000000e+000
  0.0000000e+000
  0.0000000e+000
  0.0000000e+000
  0.0000000e+000
  0.0000000e+000
  0.0000000e+000
  0.0000000e+000
  0.0000000e+000
  0.0000000e+000
  0.0000000e+000
  0.0000000e+000
  0.0000000e+000
  0.0000000e+000
  0.0000000e+000
  0.0000000e+000
  0.0000000e+000
  0.0000000e+000
  0.0000000e+000
  0.0000000e+000
  0.0000000e+000
  0.0000000e+000
  0.0000000e+000
  0.0000000e+000
  0.0000000e+000
  0.0000000e+000
  0.0000000e+000
  0.0000000e+000
  0.0000000e+000
  0.0000000e+000
  0.0000000e+000
  0.0000000e+000
  0.0000000e+000
  0.0000000e+000
  0.0000000e+000
  0.0000000e+000
  0.0000000e+000
  0.0000000e+000
  0.0000000e+000
  0.0000000e+000
  0.0000000e+000
  0.0000000e+000
  0.0000000e+000
  0.0000000e+000
  0.0000000e+000
  0.0000000e+000
  0.0000000e+000
  0.0000000e+000
  0.0000000e+000
  0.0000000e+000
  0.0000000e+000
  0.0000000e+000
  0.0000000e+000
  0.0000000e+000
  0.0000000e+000
  0.0000000e+000
  0.0000000e+000
  0.0000000e+000
  0.0000000e+000
  0.0000000e+000
  0.0000000e+000
  0.0000000e+000
  0.0000000e+000
  0.0000000e+000
  0.0000000e+000
  0.0000000e+000
  0.0000000e+000
  0.0000000e+000
  0.0000000e+000
  0.0000000e+000
  0.0000000e+000
  0.0000000e+000
  0.0000000e+000
  0.0000000e+000
  0.0000000e+000
  0.0000000e+000
  0.0000000e+000
  0.0000000e+000
  0.0000000e+000
  0.0000000e+000
  0.0000000e+000
  0.0000000e+000
  0.0000000e+000
  0.0000000e+000
  0.0000000e+000
  0.0000000e+000
  0.0000000e+000
  0.0000000e+000
  0.0000000e+000
  0.0000000e+000
  0.0000000e+000
  0.0000000e+000
  0.0000000e+000
  0.0000000e+000
  0.0000000e+000
  0.0000000e+000
  0.0000000e+000
  0.0000000e+000
  0.0000000e+000
  0.0000000e+000
  0.0000000e+000
  0.0000000e+000
  0.0000000e+000
  0.0000000e+000
  0.0000000e+000
  0.0000000e+000
  0.0000000e+000
  0.0000000e+000
  0.0000000e+000
  0.0000000e+000
  0.0000000e+000
  0.0000000e+000
  0.0000000e+000
  0.0000000e+000
  0.0000000e+000
  0.0000000e+000
  0.0000000e+000
  0.0000000e+000
  0.0000000e+000
  0.0000000e+000
  0.0000000e+000
  0.0000000e+000
  0.0000000e+000
  0.0000000e+000
  0.0000000e+000
  0.0000000e+000
