  0.0000000e+000
  0.0000000e+000
  0.0000000e+000
  0.0000000e+000
  0.0000000e+000
  0.0000000e+000
  0.0000000e+000
  0.0000000e+000
  0.0000000e+000
  0.0000000e+000
  0.0000000e+000
  0.0000000e+000
  0.0000000e+000
  0.0000000e+000
  0.0000000e+000
  0.0000000e+000
  0.0000000e+000
  0.0000000e+000
  0.0000000e+000
  0.0000000e+000
  0.0000000e+000
  0.0000000e+000
  0.0000000e+000
  0.0000000e+000
  0.0000000e+000
  0.0000000e+000
  0.0000000e+000
  0.0000000e+000
  0.0000000e+000
  0.0000000e+000
  0.0000000e+000
  0.0000000e+000
  0.0000000e+000
  0.0000000e+000
  0.0000000e+000
  0.0000000e+000
  0.0000000e+000
  0.0000000e+000
  0.0000000e+000
  0.0000000e+000
  0.0000000e+000
  0.0000000e+000
  0.0000000e+000
  0.0000000e+000
  0.0000000e+000
  0.0000000e+000
  0.0000000e+000
  0.0000000e+000
  0.0000000e+000
  0.0000000e+000
  0.0000000e+000
  0.0000000e+000
  0.0000000e+000
  0.0000000e+000
  0.0000000e+000
  0.0000000e+000
  0.0000000e+000
  0.0000000e+000
  0.0000000e+000
  0.0000000e+000
  1.1600000e+000
  9.1827116e-001
  3.4613737e-001
 -8.1368945e-001
 -1.1003176e+000
 -1.1555901e+000
 -1.0336931e+000
 -8.0781164e-001
 -5.4425839e-001
 -7.6053976e-002
  8.7244642e-002
  1.9534358e-001
  2.4880505e-001
  2.4880505e-001
  1.9534358e-001
  8.7244642e-002
 -2.9090412e-001
 -5.4425839e-001
 -8.0781164e-001
 -1.0336931e+000
 -1.1555901e+000
 -1.1003176e+000
 -2.9884524e-001
  3.4613737e-001
  9.1827116e-001
  0.0000000e+000
  0.0000000e+000
  0.0000000e+000
  0.0000000e+000
  9.1827116e-001
  1.1600000e+000
  9.5052754e-001
 -1.3846880e-001
 -6.4482692e-001
 -9.8396737e-001
 -1.1414534e+000
 -1.1490207e+000
 -1.0573622e+000
 -7.6779718e-001
 -6.3798258e-001
 -5.4425839e-001
 -4.9554712e-001
 -4.9554712e-001
 -5.4425839e-001
 -6.3798258e-001
 -9.1685090e-001
 -1.0573622e+000
 -1.1490207e+000
 -1.1414534e+000
 -9.8396737e-001
 -6.4482692e-001
  4.4844014e-001
  9.5052754e-001
  1.1600000e+000
  0.0000000e+000
  0.0000000e+000
  0.0000000e+000
  0.0000000e+000
  3.4613737e-001
  9.5052754e-001
  1.1600000e+000
  5.4678833e-001
  2.4638422e-002
 -4.5331554e-001
 -8.1368945e-001
 -1.0374069e+000
 -1.1414534e+000
 -1.1283110e+000
 -1.0787029e+000
 -1.0336931e+000
 -1.0077479e+000
 -1.0077479e+000
 -1.0336931e+000
 -1.0787029e+000
 -1.1596148e+000
 -1.1414534e+000
 -1.0374069e+000
 -8.1368945e-001
 -4.5331554e-001
  2.4638422e-002
  9.8068855e-001
  1.1600000e+000
  9.5052754e-001
  0.0000000e+000
  0.0000000e+000
  0.0000000e+000
  0.0000000e+000
 -8.1368945e-001
 -1.3846880e-001
  5.4678833e-001
  1.1600000e+000
  1.0344634e+000
  7.2819844e-001
  3.4613737e-001
 -2.9835136e-002
 -3.5114561e-001
 -7.7393746e-001
 -8.8773532e-001
 -9.5396699e-001
 -9.8396737e-001
 -9.8396737e-001
 -9.5396699e-001
 -8.8773532e-001
 -5.9882129e-001
 -3.5114561e-001
 -2.9835136e-002
  3.4613737e-001
  7.2819844e-001
  1.0344634e+000
  1.0086877e+000
  5.4678833e-001
 -1.3846880e-001
  0.0000000e+000
  0.0000000e+000
  0.0000000e+000
  0.0000000e+000
 -1.1003176e+000
 -6.4482692e-001
  2.4638422e-002
  1.0344634e+000
  1.1600000e+000
  1.0579588e+000
  8.0966254e-001
  4.9816361e-001
  1.8724700e-001
 -2.9884524e-001
 -4.5331554e-001
 -5.5149757e-001
 -5.9882129e-001
 -5.9882129e-001
 -5.5149757e-001
 -4.5331554e-001
 -8.4244167e-002
  1.8724700e-001
  4.9816361e-001
  8.0966254e-001
  1.0579588e+000
  1.1600000e+000
  6.4031568e-001
  2.4638422e-002
 -6.4482692e-001
  0.0000000e+000
  0.0000000e+000
  0.0000000e+000
  0.0000000e+000
 -1.1555901e+000
 -9.8396737e-001
 -4.5331554e-001
  7.2819844e-001
  1.0579588e+000
  1.1600000e+000
  1.0791221e+000
  8.8399046e-001
  6.4031568e-001
  1.8724700e-001
  2.4638422e-002
 -8.4244167e-002
 -1.3846880e-001
 -1.3846880e-001
 -8.4244167e-002
  2.4638422e-002
  3.9772749e-001
  6.4031568e-001
  8.8399046e-001
  1.0791221e+000
  1.1600000e+000
  1.0579588e+000
  1.8724700e-001
 -4.5331554e-001
 -9.8396737e-001
  0.0000000e+000
  0.0000000e+000
  0.0000000e+000
  0.0000000e+000
 -1.0336931e+000
 -1.1414534e+000
 -8.1368945e-001
  3.4613737e-001
  8.0966254e-001
  1.0791221e+000
  1.1600000e+000
  1.0979067e+000
  9.5052754e-001
  5.9420717e-001
  4.4844014e-001
  3.4613737e-001
  2.9378344e-001
  2.9378344e-001
  3.4613737e-001
  4.4844014e-001
  7.6977906e-001
  9.5052754e-001
  1.0979067e+000
  1.1600000e+000
  1.0791221e+000
  8.0966254e-001
 -2.4588766e-001
 -8.1368945e-001
 -1.1414534e+000
  0.0000000e+000
  0.0000000e+000
  0.0000000e+000
  0.0000000e+000
 -8.0781164e-001
 -1.1490207e+000
 -1.0374069e+000
 -2.9835136e-002
  4.9816361e-001
  8.8399046e-001
  1.0979067e+000
  1.1600000e+000
  1.1142712e+000
  8.8399046e-001
  7.6977906e-001
  6.8501226e-001
  6.4031568e-001
  6.4031568e-001
  6.8501226e-001
  7.6977906e-001
  1.0086877e+000
  1.1142712e+000
  1.1600000e+000
  1.0979067e+000
  8.8399046e-001
  4.9816361e-001
 -5.9882129e-001
 -1.0374069e+000
 -1.1490207e+000
  0.0000000e+000
  0.0000000e+000
  0.0000000e+000
  0.0000000e+000
 -5.4425839e-001
 -1.0573622e+000
 -1.1414534e+000
 -3.5114561e-001
  1.8724700e-001
  6.4031568e-001
  9.5052754e-001
  1.1142712e+000
  1.1600000e+000
  1.0579588e+000
  9.8068855e-001
  9.1827116e-001
  8.8399046e-001
  8.8399046e-001
  9.1827116e-001
  9.8068855e-001
  1.1281796e+000
  1.1600000e+000
  1.1142712e+000
  9.5052754e-001
  6.4031568e-001
  1.8724700e-001
 -8.5164994e-001
 -1.1414534e+000
 -1.0573622e+000
  0.0000000e+000
  0.0000000e+000
  0.0000000e+000
  0.0000000e+000
 -7.6053976e-002
 -7.6779718e-001
 -1.1283110e+000
 -7.7393746e-001
 -2.9884524e-001
  1.8724700e-001
  5.9420717e-001
  8.8399046e-001
  1.0579588e+000
  1.1600000e+000
  1.1485109e+000
  1.1281796e+000
  1.1142712e+000
  1.1142712e+000
  1.1281796e+000
  1.1485109e+000
  1.1396012e+000
  1.0579588e+000
  8.8399046e-001
  5.9420717e-001
  1.8724700e-001
 -2.9884524e-001
 -1.1003176e+000
 -1.1283110e+000
 -7.6779718e-001
  0.0000000e+000
  0.0000000e+000
  0.0000000e+000
  0.0000000e+000
  8.7244642e-002
 -6.3798258e-001
 -1.0787029e+000
 -8.8773532e-001
 -4.5331554e-001
  2.4638422e-002
  4.4844014e-001
  7.6977906e-001
  9.8068855e-001
  1.1485109e+000
  1.1600000e+000
  1.1548891e+000
  1.1485109e+000
  1.1485109e+000
  1.1548891e+000
  1.1600000e+000
  1.0979067e+000
  9.8068855e-001
  7.6977906e-001
  4.4844014e-001
  2.4638422e-002
 -4.5331554e-001
 -1.1414534e+000
 -1.0787029e+000
 -6.3798258e-001
  0.0000000e+000
  0.0000000e+000
  0.0000000e+000
  0.0000000e+000
  1.9534358e-001
 -5.4425839e-001
 -1.0336931e+000
 -9.5396699e-001
 -5.5149757e-001
 -8.4244167e-002
  3.4613737e-001
  6.8501226e-001
  9.1827116e-001
  1.1281796e+000
  1.1548891e+000
  1.1600000e+000
  1.1587216e+000
  1.1587216e+000
  1.1600000e+000
  1.1548891e+000
  1.0579588e+000
  9.1827116e-001
  6.8501226e-001
  3.4613737e-001
 -8.4244167e-002
 -5.5149757e-001
 -1.1563597e+000
 -1.0336931e+000
 -5.4425839e-001
  0.0000000e+000
  0.0000000e+000
  0.0000000e+000
  0.0000000e+000
  2.4880505e-001
 -4.9554712e-001
 -1.0077479e+000
 -9.8396737e-001
 -5.9882129e-001
 -1.3846880e-001
  2.9378344e-001
  6.4031568e-001
  8.8399046e-001
  1.1142712e+000
  1.1485109e+000
  1.1587216e+000
  1.1600000e+000
  1.1600000e+000
  1.1587216e+000
  1.1485109e+000
  1.0344634e+000
  8.8399046e-001
  6.4031568e-001
  2.9378344e-001
 -1.3846880e-001
 -5.9882129e-001
 -1.1600000e+000
 -1.0077479e+000
 -4.9554712e-001
  0.0000000e+000
  0.0000000e+000
  0.0000000e+000
  0.0000000e+000
  2.4880505e-001
 -4.9554712e-001
 -1.0077479e+000
 -9.8396737e-001
 -5.9882129e-001
 -1.3846880e-001
  2.9378344e-001
  6.4031568e-001
  8.8399046e-001
  1.1142712e+000
  1.1485109e+000
  1.1587216e+000
  1.1600000e+000
  1.1600000e+000
  1.1587216e+000
  1.1485109e+000
  1.0344634e+000
  8.8399046e-001
  6.4031568e-001
  2.9378344e-001
 -1.3846880e-001
 -5.9882129e-001
 -1.1600000e+000
 -1.0077479e+000
 -4.9554712e-001
  0.0000000e+000
  0.0000000e+000
  0.0000000e+000
  0.0000000e+000
  1.9534358e-001
 -5.4425839e-001
 -1.0336931e+000
 -9.5396699e-001
 -5.5149757e-001
 -8.4244167e-002
  3.4613737e-001
  6.8501226e-001
  9.1827116e-001
  1.1281796e+000
  1.1548891e+000
  1.1600000e+000
  1.1587216e+000
  1.1587216e+000
  1.1600000e+000
  1.1548891e+000
  1.0579588e+000
  9.1827116e-001
  6.8501226e-001
  3.4613737e-001
 -8.4244167e-002
 -5.5149757e-001
 -1.1563597e+000
 -1.0336931e+000
 -5.4425839e-001
  0.0000000e+000
  0.0000000e+000
  0.0000000e+000
  0.0000000e+000
  8.7244642e-002
 -6.3798258e-001
 -1.0787029e+000
 -8.8773532e-001
 -4.5331554e-001
  2.4638422e-002
  4.4844014e-001
  7.6977906e-001
  9.8068855e-001
  1.1485109e+000
  1.1600000e+000
  1.1548891e+000
  1.1485109e+000
  1.1485109e+000
  1.1548891e+000
  1.1600000e+000
  1.0979067e+000
  9.8068855e-001
  7.6977906e-001
  4.4844014e-001
  2.4638422e-002
 -4.5331554e-001
 -1.1414534e+000
 -1.0787029e+000
 -6.3798258e-001
  0.0000000e+000
  0.0000000e+000
  0.0000000e+000
  0.0000000e+000
 -2.9090412e-001
 -9.1685090e-001
 -1.1596148e+000
 -5.9882129e-001
 -8.4244167e-002
  3.9772749e-001
  7.6977906e-001
  1.0086877e+000
  1.1281796e+000
  1.1396012e+000
  1.0979067e+000
  1.0579588e+000
  1.0344634e+000
  1.0344634e+000
  1.0579588e+000
  1.0979067e+000
  1.1600000e+000
  1.1281796e+000
  1.0086877e+000
  7.6977906e-001
  3.9772749e-001
 -8.4244167e-002
 -1.0118011e+000
 -1.1596148e+000
 -9.1685090e-001
  0.0000000e+000
  0.0000000e+000
  0.0000000e+000
  0.0000000e+000
 -5.4425839e-001
 -1.0573622e+000
 -1.1414534e+000
 -3.5114561e-001
  1.8724700e-001
  6.4031568e-001
  9.5052754e-001
  1.1142712e+000
  1.1600000e+000
  1.0579588e+000
  9.8068855e-001
  9.1827116e-001
  8.8399046e-001
  8.8399046e-001
  9.1827116e-001
  9.8068855e-001
  1.1281796e+000
  1.1600000e+000
  1.1142712e+000
  9.5052754e-001
  6.4031568e-001
  1.8724700e-001
 -8.5164994e-001
 -1.1414534e+000
 -1.0573622e+000
  0.0000000e+000
  0.0000000e+000
  0.0000000e+000
  0.0000000e+000
 -8.0781164e-001
 -1.1490207e+000
 -1.0374069e+000
 -2.9835136e-002
  4.9816361e-001
  8.8399046e-001
  1.0979067e+000
  1.1600000e+000
  1.1142712e+000
  8.8399046e-001
  7.6977906e-001
  6.8501226e-001
  6.4031568e-001
  6.4031568e-001
  6.8501226e-001
  7.6977906e-001
  1.0086877e+000
  1.1142712e+000
  1.1600000e+000
  1.0979067e+000
  8.8399046e-001
  4.9816361e-001
 -5.9882129e-001
 -1.0374069e+000
 -1.1490207e+000
  0.0000000e+000
  0.0000000e+000
  0.0000000e+000
  0.0000000e+000
 -1.0336931e+000
 -1.1414534e+000
 -8.1368945e-001
  3.4613737e-001
  8.0966254e-001
  1.0791221e+000
  1.1600000e+000
  1.0979067e+000
  9.5052754e-001
  5.9420717e-001
  4.4844014e-001
  3.4613737e-001
  2.9378344e-001
  2.9378344e-001
  3.4613737e-001
  4.4844014e-001
  7.6977906e-001
  9.5052754e-001
  1.0979067e+000
  1.1600000e+000
  1.0791221e+000
  8.0966254e-001
 -2.4588766e-001
 -8.1368945e-001
 -1.1414534e+000
  0.0000000e+000
  0.0000000e+000
  0.0000000e+000
  0.0000000e+000
 -1.1555901e+000
 -9.8396737e-001
 -4.5331554e-001
  7.2819844e-001
  1.0579588e+000
  1.1600000e+000
  1.0791221e+000
  8.8399046e-001
  6.4031568e-001
  1.8724700e-001
  2.4638422e-002
 -8.4244167e-002
 -1.3846880e-001
 -1.3846880e-001
 -8.4244167e-002
  2.4638422e-002
  3.9772749e-001
  6.4031568e-001
  8.8399046e-001
  1.0791221e+000
  1.1600000e+000
  1.0579588e+000
  1.8724700e-001
 -4.5331554e-001
 -9.8396737e-001
  0.0000000e+000
  0.0000000e+000
  0.0000000e+000
  0.0000000e+000
 -1.1003176e+000
 -6.4482692e-001
  2.4638422e-002
  1.0344634e+000
  1.1600000e+000
  1.0579588e+000
  8.0966254e-001
  4.9816361e-001
  1.8724700e-001
 -2.9884524e-001
 -4.5331554e-001
 -5.5149757e-001
 -5.9882129e-001
 -5.9882129e-001
 -5.5149757e-001
 -4.5331554e-001
 -8.4244167e-002
  1.8724700e-001
  4.9816361e-001
  8.0966254e-001
  1.0579588e+000
  1.1600000e+000
  6.4031568e-001
  2.4638422e-002
 -6.4482692e-001
  0.0000000e+000
  0.0000000e+000
  0.0000000e+000
  0.0000000e+000
 -2.9884524e-001
  4.4844014e-001
  9.8068855e-001
  1.0086877e+000
  6.4031568e-001
  1.8724700e-001
 -2.4588766e-001
 -5.9882129e-001
 -8.5164994e-001
 -1.1003176e+000
 -1.1414534e+000
 -1.1563597e+000
 -1.1600000e+000
 -1.1600000e+000
 -1.1563597e+000
 -1.1414534e+000
 -1.0118011e+000
 -8.5164994e-001
 -5.9882129e-001
 -2.4588766e-001
  1.8724700e-001
  6.4031568e-001
  1.1600000e+000
  9.8068855e-001
  4.4844014e-001
  0.0000000e+000
  0.0000000e+000
  0.0000000e+000
  0.0000000e+000
  3.4613737e-001
  9.5052754e-001
  1.1600000e+000
  5.4678833e-001
  2.4638422e-002
 -4.5331554e-001
 -8.1368945e-001
 -1.0374069e+000
 -1.1414534e+000
 -1.1283110e+000
 -1.0787029e+000
 -1.0336931e+000
 -1.0077479e+000
 -1.0077479e+000
 -1.0336931e+000
 -1.0787029e+000
 -1.1596148e+000
 -1.1414534e+000
 -1.0374069e+000
 -8.1368945e-001
 -4.5331554e-001
  2.4638422e-002
  9.8068855e-001
  1.1600000e+000
  9.5052754e-001
  0.0000000e+000
  0.0000000e+000
  0.0000000e+000
  0.0000000e+000
  9.1827116e-001
  1.1600000e+000
  9.5052754e-001
 -1.3846880e-001
 -6.4482692e-001
 -9.8396737e-001
 -1.1414534e+000
 -1.1490207e+000
 -1.0573622e+000
 -7.6779718e-001
 -6.3798258e-001
 -5.4425839e-001
 -4.9554712e-001
 -4.9554712e-001
 -5.4425839e-001
 -6.3798258e-001
 -9.1685090e-001
 -1.0573622e+000
 -1.1490207e+000
 -1.1414534e+000
 -9.8396737e-001
 -6.4482692e-001
  4.4844014e-001
  9.5052754e-001
  1.1600000e+000
  0.0000000e+000
  0.0000000e+000
  0.0000000e+000
  0.0000000e+000
  0.0000000e+000
  0.0000000e+000
  0.0000000e+000
  0.0000000e+000
  0.0000000e+000
  0.0000000e+000
  0.0000000e+000
  0.0000000e+000
  0.0000000e+000
  0.0000000e+000
  0.0000000e+000
  0.0000000e+000
  0.0000000e+000
  0.0000000e+000
  0.0000000e+000
  0.0000000e+000
  0.0000000e+000
  0.0000000e+000
  0.0000000e+000
  0.0000000e+000
  0.0000000e+000
  0.0000000e+000
  0.0000000e+000
  0.0000000e+000
  0.0000000e+000
  0.0000000e+000
  0.0000000e+000
  0.0000000e+000
  0.0000000e+000
  0.0000000e+000
  0.0000000e+000
  0.0000000e+000
  0.0000000e+000
  0.0000000e+000
  0.0000000e+000
  0.0000000e+000
  0.0000000e+000
  0.0000000e+000
  0.0000000e+000
  0.0000000e+000
  0.0000000e+000
  0.0000000e+000
  0.0000000e+000
  0.0000000e+000
  0.0000000e+000
  0.0000000e+000
  0.0000000e+000
  0.0000000e+000
  0.0000000e+000
  0.0000000e+000
  0.0000000e+000
  0.0000000e+000
  0.0000000e+000
  0.0000000e+000
  0.0000000e+000
  0.0000000e+000
