  6.1232340e-017
  7.1337580e-002
  1.4733970e-001
  2.2773723e-001
  3.1201248e-001
  3.9933444e-001
  4.8849558e-001
  5.7786116e-001
  6.6534653e-001
  7.4844075e-001
  8.2429501e-001
  8.8988764e-001
  9.4226328e-001
  9.7882353e-001
  9.9762470e-001
  9.9762470e-001
  9.7882353e-001
  9.4226328e-001
  8.8988764e-001
  8.2429501e-001
  7.4844075e-001
  6.6534653e-001
  5.7786116e-001
  4.8849558e-001
  3.9933444e-001
  3.1201248e-001
  2.2773723e-001
  1.4733970e-001
  7.1337580e-002
 -7.1337580e-002
  6.1232340e-017
  7.6809453e-002
  1.5898251e-001
  2.4615385e-001
  3.3761468e-001
  4.3222004e-001
  5.2830189e-001
  6.2360802e-001
  7.1529412e-001
  8.0000000e-001
  8.7403599e-001
  9.3368700e-001
  9.7560976e-001
  9.9726027e-001
  9.9726027e-001
  9.7560976e-001
  9.3368700e-001
  8.7403599e-001
  8.0000000e-001
  7.1529412e-001
  6.2360802e-001
  5.2830189e-001
  4.3222004e-001
  3.3761468e-001
  2.4615385e-001
  1.5898251e-001
  7.6809453e-002
  6.1232340e-017
 -1.4733970e-001
 -7.6809453e-002
  6.1232340e-017
  8.3188908e-002
  1.7260788e-001
  2.6774848e-001
  3.6761488e-001
  4.7058824e-001
  5.7430730e-001
  6.7560322e-001
  7.7053824e-001
  8.5459941e-001
  9.2307692e-001
  9.7160883e-001
  9.9680511e-001
  9.9680511e-001
  9.7160883e-001
  9.2307692e-001
  8.5459941e-001
  7.7053824e-001
  6.7560322e-001
  5.7430730e-001
  4.7058824e-001
  3.6761488e-001
  2.6774848e-001
  1.7260788e-001
  8.3188908e-002
  6.1232340e-017
 -7.6809453e-002
 -2.2773723e-001
 -1.5898251e-001
 -8.3188908e-002
  6.1232340e-017
  9.0721649e-002
  1.8876404e-001
  2.9339853e-001
  4.0318302e-001
  5.1575931e-001
  6.2769231e-001
  7.3442623e-001
  8.3044983e-001
  9.0974729e-001
  9.6654275e-001
  9.9622642e-001
  9.9622642e-001
  9.6654275e-001
  9.0974729e-001
  8.3044983e-001
  7.3442623e-001
  6.2769231e-001
  5.1575931e-001
  4.0318302e-001
  2.9339853e-001
  1.8876404e-001
  9.0721649e-002
 -3.8285687e-016
 -8.3188908e-002
 -1.5898251e-001
 -3.1201248e-001
 -2.4615385e-001
 -1.7260788e-001
 -9.0721649e-002
  6.1232340e-017
  9.9750623e-002
  2.0821918e-001
  3.2432432e-001
  4.4590164e-001
  5.6939502e-001
  6.8965517e-001
  8.0000000e-001
  8.9270386e-001
  9.6000000e-001
  9.9547511e-001
  9.9547511e-001
  9.6000000e-001
  8.9270386e-001
  8.0000000e-001
  6.8965517e-001
  5.6939502e-001
  4.4590164e-001
  3.2432432e-001
  2.0821918e-001
  9.9750623e-002
 -1.6081226e-016
 -9.0721649e-002
 -1.7260788e-001
 -2.4615385e-001
 -3.9933444e-001
 -3.3761468e-001
 -2.6774848e-001
 -1.8876404e-001
 -9.9750623e-002
  6.1232340e-017
  1.1076923e-001
  2.3208191e-001
  3.6226415e-001
  4.9792531e-001
  6.3348416e-001
  7.6097561e-001
  8.7046632e-001
  9.5135135e-001
  9.9447514e-001
  9.9447514e-001
  9.5135135e-001
  8.7046632e-001
  7.6097561e-001
  6.3348416e-001
  4.9792531e-001
  3.6226415e-001
  2.3208191e-001
  1.1076923e-001
 -1.6081226e-016
 -9.9750623e-002
 -1.8876404e-001
 -2.6774848e-001
 -3.3761468e-001
 -4.8849558e-001
 -4.3222004e-001
 -3.6761488e-001
 -2.9339853e-001
 -2.0821918e-001
 -1.1076923e-001
  6.1232340e-017
  1.2451362e-001
  2.6200873e-001
  4.0975610e-001
  5.6216216e-001
  7.1005917e-001
  8.4076433e-001
  9.3959732e-001
  9.9310345e-001
  9.9310345e-001
  9.3959732e-001
  8.4076433e-001
  7.1005917e-001
  5.6216216e-001
  4.0975610e-001
  2.6200873e-001
  1.2451362e-001
 -1.6081226e-016
 -1.1076923e-001
 -2.0821918e-001
 -2.9339853e-001
 -3.6761488e-001
 -4.3222004e-001
 -5.7786116e-001
 -5.2830189e-001
 -4.7058824e-001
 -4.0318302e-001
 -3.2432432e-001
 -2.3208191e-001
 -1.2451362e-001
  6.1232340e-017
  1.4213198e-001
  3.0057803e-001
  4.7058824e-001
  6.4233577e-001
  8.0000000e-001
  9.2307692e-001
  9.9115044e-001
  9.9115044e-001
  9.2307692e-001
  8.0000000e-001
  6.4233577e-001
  4.7058824e-001
  3.0057803e-001
  1.4213198e-001
 -1.6081226e-016
 -1.2451362e-001
 -2.3208191e-001
 -3.2432432e-001
 -4.0318302e-001
 -4.7058824e-001
 -5.2830189e-001
 -6.6534653e-001
 -6.2360802e-001
 -5.7430730e-001
 -5.1575931e-001
 -4.4590164e-001
 -3.6226415e-001
 -2.6200873e-001
 -1.4213198e-001
  6.1232340e-017
  1.6551724e-001
  3.5200000e-001
  5.5045872e-001
  7.4226804e-001
  8.9887640e-001
  9.8823529e-001
  9.8823529e-001
  8.9887640e-001
  7.4226804e-001
  5.5045872e-001
  3.5200000e-001
  1.6551724e-001
 -1.6081226e-016
 -1.4213198e-001
 -2.6200873e-001
 -3.6226415e-001
 -4.4590164e-001
 -5.1575931e-001
 -5.7430730e-001
 -6.2360802e-001
 -7.4844075e-001
 -7.1529412e-001
 -6.7560322e-001
 -6.2769231e-001
 -5.6939502e-001
 -4.9792531e-001
 -4.0975610e-001
 -3.0057803e-001
 -1.6551724e-001
  6.1232340e-017
  1.9801980e-001
  4.2352941e-001
  6.5753425e-001
  8.6153846e-001
  9.8360656e-001
  9.8360656e-001
  8.6153846e-001
  6.5753425e-001
  4.2352941e-001
  1.9801980e-001
 -1.6081226e-016
 -1.6551724e-001
 -3.0057803e-001
 -4.0975610e-001
 -4.9792531e-001
 -5.6939502e-001
 -6.2769231e-001
 -6.7560322e-001
 -7.1529412e-001
 -8.2429501e-001
 -8.0000000e-001
 -7.7053824e-001
 -7.3442623e-001
 -6.8965517e-001
 -6.3348416e-001
 -5.6216216e-001
 -4.7058824e-001
 -3.5200000e-001
 -1.9801980e-001
  6.1232340e-017
  2.4615385e-001
  5.2830189e-001
  8.0000000e-001
  9.7560976e-001
  9.7560976e-001
  8.0000000e-001
  5.2830189e-001
  2.4615385e-001
  6.1232340e-017
 -1.9801980e-001
 -3.5200000e-001
 -4.7058824e-001
 -5.6216216e-001
 -6.3348416e-001
 -6.8965517e-001
 -7.3442623e-001
 -7.7053824e-001
 -8.0000000e-001
 -8.8988764e-001
 -8.7403599e-001
 -8.5459941e-001
 -8.3044983e-001
 -8.0000000e-001
 -7.6097561e-001
 -7.1005917e-001
 -6.4233577e-001
 -5.5045872e-001
 -4.2352941e-001
 -2.4615385e-001
  6.1232340e-017
  3.2432432e-001
  6.8965517e-001
  9.6000000e-001
  9.6000000e-001
  6.8965517e-001
  3.2432432e-001
 -6.0490147e-016
 -2.4615385e-001
 -4.2352941e-001
 -5.5045872e-001
 -6.4233577e-001
 -7.1005917e-001
 -7.6097561e-001
 -8.0000000e-001
 -8.3044983e-001
 -8.5459941e-001
 -8.7403599e-001
 -9.4226328e-001
 -9.3368700e-001
 -9.2307692e-001
 -9.0974729e-001
 -8.9270386e-001
 -8.7046632e-001
 -8.4076433e-001
 -8.0000000e-001
 -7.4226804e-001
 -6.5753425e-001
 -5.2830189e-001
 -3.2432432e-001
  6.1232340e-017
  4.7058824e-001
  9.2307692e-001
  9.2307692e-001
  4.7058824e-001
 -8.2694608e-016
 -3.2432432e-001
 -5.2830189e-001
 -6.5753425e-001
 -7.4226804e-001
 -8.0000000e-001
 -8.4076433e-001
 -8.7046632e-001
 -8.9270386e-001
 -9.0974729e-001
 -9.2307692e-001
 -9.3368700e-001
 -9.7882353e-001
 -9.7560976e-001
 -9.7160883e-001
 -9.6654275e-001
 -9.6000000e-001
 -9.5135135e-001
 -9.3959732e-001
 -9.2307692e-001
 -8.9887640e-001
 -8.6153846e-001
 -8.0000000e-001
 -6.8965517e-001
 -4.7058824e-001
  6.1232340e-017
  8.0000000e-001
  8.0000000e-001
 -1.2710353e-015
 -4.7058824e-001
 -6.8965517e-001
 -8.0000000e-001
 -8.6153846e-001
 -8.9887640e-001
 -9.2307692e-001
 -9.3959732e-001
 -9.5135135e-001
 -9.6000000e-001
 -9.6654275e-001
 -9.7160883e-001
 -9.7560976e-001
 -9.9762470e-001
 -9.9726027e-001
 -9.9680511e-001
 -9.9622642e-001
 -9.9547511e-001
 -9.9447514e-001
 -9.9310345e-001
 -9.9115044e-001
 -9.8823529e-001
 -9.8360656e-001
 -9.7560976e-001
 -9.6000000e-001
 -9.2307692e-001
 -8.0000000e-001
  0.0000000e+000
  6.1232340e-017
 -8.0000000e-001
 -9.2307692e-001
 -9.6000000e-001
 -9.7560976e-001
 -9.8360656e-001
 -9.8823529e-001
 -9.9115044e-001
 -9.9310345e-001
 -9.9447514e-001
 -9.9547511e-001
 -9.9622642e-001
 -9.9680511e-001
 -9.9726027e-001
 -9.9762470e-001
 -9.9726027e-001
 -9.9680511e-001
 -9.9622642e-001
 -9.9547511e-001
 -9.9447514e-001
 -9.9310345e-001
 -9.9115044e-001
 -9.8823529e-001
 -9.8360656e-001
 -9.7560976e-001
 -9.6000000e-001
 -9.2307692e-001
 -8.0000000e-001
  6.1232340e-017
  6.1232340e-017
 -8.0000000e-001
 -9.2307692e-001
 -9.6000000e-001
 -9.7560976e-001
 -9.8360656e-001
 -9.8823529e-001
 -9.9115044e-001
 -9.9310345e-001
 -9.9447514e-001
 -9.9547511e-001
 -9.9622642e-001
 -9.9680511e-001
 -9.9726027e-001
 -9.7882353e-001
 -9.7560976e-001
 -9.7160883e-001
 -9.6654275e-001
 -9.6000000e-001
 -9.5135135e-001
 -9.3959732e-001
 -9.2307692e-001
 -8.9887640e-001
 -8.6153846e-001
 -8.0000000e-001
 -6.8965517e-001
 -4.7058824e-001
  1.3935000e-015
  8.0000000e-001
  8.0000000e-001
  6.1232340e-017
 -4.7058824e-001
 -6.8965517e-001
 -8.0000000e-001
 -8.6153846e-001
 -8.9887640e-001
 -9.2307692e-001
 -9.3959732e-001
 -9.5135135e-001
 -9.6000000e-001
 -9.6654275e-001
 -9.7160883e-001
 -9.7560976e-001
 -9.4226328e-001
 -9.3368700e-001
 -9.2307692e-001
 -9.0974729e-001
 -8.9270386e-001
 -8.7046632e-001
 -8.4076433e-001
 -8.0000000e-001
 -7.4226804e-001
 -6.5753425e-001
 -5.2830189e-001
 -3.2432432e-001
  7.2736615e-016
  4.7058824e-001
  9.2307692e-001
  9.2307692e-001
  4.7058824e-001
  6.1232340e-017
 -3.2432432e-001
 -5.2830189e-001
 -6.5753425e-001
 -7.4226804e-001
 -8.0000000e-001
 -8.4076433e-001
 -8.7046632e-001
 -8.9270386e-001
 -9.0974729e-001
 -9.2307692e-001
 -9.3368700e-001
 -8.8988764e-001
 -8.7403599e-001
 -8.5459941e-001
 -8.3044983e-001
 -8.0000000e-001
 -7.6097561e-001
 -7.1005917e-001
 -6.4233577e-001
 -5.5045872e-001
 -4.2352941e-001
 -2.4615385e-001
  5.0532155e-016
  3.2432432e-001
  6.8965517e-001
  9.6000000e-001
  9.6000000e-001
  6.8965517e-001
  3.2432432e-001
  6.1232340e-017
 -2.4615385e-001
 -4.2352941e-001
 -5.5045872e-001
 -6.4233577e-001
 -7.1005917e-001
 -7.6097561e-001
 -8.0000000e-001
 -8.3044983e-001
 -8.5459941e-001
 -8.7403599e-001
 -8.2429501e-001
 -8.0000000e-001
 -7.7053824e-001
 -7.3442623e-001
 -6.8965517e-001
 -6.3348416e-001
 -5.6216216e-001
 -4.7058824e-001
 -3.5200000e-001
 -1.9801980e-001
  6.1232340e-017
  2.4615385e-001
  5.2830189e-001
  8.0000000e-001
  9.7560976e-001
  9.7560976e-001
  8.0000000e-001
  5.2830189e-001
  2.4615385e-001
  6.1232340e-017
 -1.9801980e-001
 -3.5200000e-001
 -4.7058824e-001
 -5.6216216e-001
 -6.3348416e-001
 -6.8965517e-001
 -7.3442623e-001
 -7.7053824e-001
 -8.0000000e-001
 -7.4844075e-001
 -7.1529412e-001
 -6.7560322e-001
 -6.2769231e-001
 -5.6939502e-001
 -4.9792531e-001
 -4.0975610e-001
 -3.0057803e-001
 -1.6551724e-001
  2.8327694e-016
  1.9801980e-001
  4.2352941e-001
  6.5753425e-001
  8.6153846e-001
  9.8360656e-001
  9.8360656e-001
  8.6153846e-001
  6.5753425e-001
  4.2352941e-001
  1.9801980e-001
  6.1232340e-017
 -1.6551724e-001
 -3.0057803e-001
 -4.0975610e-001
 -4.9792531e-001
 -5.6939502e-001
 -6.2769231e-001
 -6.7560322e-001
 -7.1529412e-001
 -6.6534653e-001
 -6.2360802e-001
 -5.7430730e-001
 -5.1575931e-001
 -4.4590164e-001
 -3.6226415e-001
 -2.6200873e-001
 -1.4213198e-001
  6.1232340e-017
  1.6551724e-001
  3.5200000e-001
  5.5045872e-001
  7.4226804e-001
  8.9887640e-001
  9.8823529e-001
  9.8823529e-001
  8.9887640e-001
  7.4226804e-001
  5.5045872e-001
  3.5200000e-001
  1.6551724e-001
  6.1232340e-017
 -1.4213198e-001
 -2.6200873e-001
 -3.6226415e-001
 -4.4590164e-001
 -5.1575931e-001
 -5.7430730e-001
 -6.2360802e-001
 -5.7786116e-001
 -5.2830189e-001
 -4.7058824e-001
 -4.0318302e-001
 -3.2432432e-001
 -2.3208191e-001
 -1.2451362e-001
  6.1232340e-017
  1.4213198e-001
  3.0057803e-001
  4.7058824e-001
  6.4233577e-001
  8.0000000e-001
  9.2307692e-001
  9.9115044e-001
  9.9115044e-001
  9.2307692e-001
  8.0000000e-001
  6.4233577e-001
  4.7058824e-001
  3.0057803e-001
  1.4213198e-001
  6.1232340e-017
 -1.2451362e-001
 -2.3208191e-001
 -3.2432432e-001
 -4.0318302e-001
 -4.7058824e-001
 -5.2830189e-001
 -4.8849558e-001
 -4.3222004e-001
 -3.6761488e-001
 -2.9339853e-001
 -2.0821918e-001
 -1.1076923e-001
  2.8327694e-016
  1.2451362e-001
  2.6200873e-001
  4.0975610e-001
  5.6216216e-001
  7.1005917e-001
  8.4076433e-001
  9.3959732e-001
  9.9310345e-001
  9.9310345e-001
  9.3959732e-001
  8.4076433e-001
  7.1005917e-001
  5.6216216e-001
  4.0975610e-001
  2.6200873e-001
  1.2451362e-001
  6.1232340e-017
 -1.1076923e-001
 -2.0821918e-001
 -2.9339853e-001
 -3.6761488e-001
 -4.3222004e-001
 -3.9933444e-001
 -3.3761468e-001
 -2.6774848e-001
 -1.8876404e-001
 -9.9750623e-002
  2.8327694e-016
  1.1076923e-001
  2.3208191e-001
  3.6226415e-001
  4.9792531e-001
  6.3348416e-001
  7.6097561e-001
  8.7046632e-001
  9.5135135e-001
  9.9447514e-001
  9.9447514e-001
  9.5135135e-001
  8.7046632e-001
  7.6097561e-001
  6.3348416e-001
  4.9792531e-001
  3.6226415e-001
  2.3208191e-001
  1.1076923e-001
  6.1232340e-017
 -9.9750623e-002
 -1.8876404e-001
 -2.6774848e-001
 -3.3761468e-001
 -3.1201248e-001
 -2.4615385e-001
 -1.7260788e-001
 -9.0721649e-002
  2.8327694e-016
  9.9750623e-002
  2.0821918e-001
  3.2432432e-001
  4.4590164e-001
  5.6939502e-001
  6.8965517e-001
  8.0000000e-001
  8.9270386e-001
  9.6000000e-001
  9.9547511e-001
  9.9547511e-001
  9.6000000e-001
  8.9270386e-001
  8.0000000e-001
  6.8965517e-001
  5.6939502e-001
  4.4590164e-001
  3.2432432e-001
  2.0821918e-001
  9.9750623e-002
  6.1232340e-017
 -9.0721649e-002
 -1.7260788e-001
 -2.4615385e-001
 -2.2773723e-001
 -1.5898251e-001
 -8.3188908e-002
  2.8327694e-016
  9.0721649e-002
  1.8876404e-001
  2.9339853e-001
  4.0318302e-001
  5.1575931e-001
  6.2769231e-001
  7.3442623e-001
  8.3044983e-001
  9.0974729e-001
  9.6654275e-001
  9.9622642e-001
  9.9622642e-001
  9.6654275e-001
  9.0974729e-001
  8.3044983e-001
  7.3442623e-001
  6.2769231e-001
  5.1575931e-001
  4.0318302e-001
  2.9339853e-001
  1.8876404e-001
  9.0721649e-002
  6.1232340e-017
 -8.3188908e-002
 -1.5898251e-001
 -1.4733970e-001
 -7.6809453e-002
  6.1232340e-017
  8.3188908e-002
  1.7260788e-001
  2.6774848e-001
  3.6761488e-001
  4.7058824e-001
  5.7430730e-001
  6.7560322e-001
  7.7053824e-001
  8.5459941e-001
  9.2307692e-001
  9.7160883e-001
  9.9680511e-001
  9.9680511e-001
  9.7160883e-001
  9.2307692e-001
  8.5459941e-001
  7.7053824e-001
  6.7560322e-001
  5.7430730e-001
  4.7058824e-001
  3.6761488e-001
  2.6774848e-001
  1.7260788e-001
  8.3188908e-002
  6.1232340e-017
 -7.6809453e-002
 -7.1337580e-002
  6.1232340e-017
  7.6809453e-002
  1.5898251e-001
  2.4615385e-001
  3.3761468e-001
  4.3222004e-001
  5.2830189e-001
  6.2360802e-001
  7.1529412e-001
  8.0000000e-001
  8.7403599e-001
  9.3368700e-001
  9.7560976e-001
  9.9726027e-001
  9.9726027e-001
  9.7560976e-001
  9.3368700e-001
  8.7403599e-001
  8.0000000e-001
  7.1529412e-001
  6.2360802e-001
  5.2830189e-001
  4.3222004e-001
  3.3761468e-001
  2.4615385e-001
  1.5898251e-001
  7.6809453e-002
  6.1232340e-017
