  0.0000000e+000
  0.0000000e+000
  0.0000000e+000
  0.0000000e+000
  0.0000000e+000
  0.0000000e+000
  0.0000000e+000
  0.0000000e+000
  0.0000000e+000
  0.0000000e+000
  0.0000000e+000
  0.0000000e+000
  0.0000000e+000
  0.0000000e+000
  0.0000000e+000
  0.0000000e+000
  0.0000000e+000
  0.0000000e+000
  0.0000000e+000
  0.0000000e+000
  0.0000000e+000
  0.0000000e+000
  0.0000000e+000
  0.0000000e+000
  0.0000000e+000
  0.0000000e+000
  0.0000000e+000
  0.0000000e+000
  0.0000000e+000
  0.0000000e+000
  0.0000000e+000
  0.0000000e+000
  0.0000000e+000
  0.0000000e+000
  0.0000000e+000
  0.0000000e+000
  0.0000000e+000
  0.0000000e+000
  0.0000000e+000
  0.0000000e+000
  0.0000000e+000
  0.0000000e+000
  0.0000000e+000
  0.0000000e+000
  0.0000000e+000
  0.0000000e+000
  0.0000000e+000
  0.0000000e+000
  0.0000000e+000
  0.0000000e+000
  0.0000000e+000
  0.0000000e+000
  0.0000000e+000
  0.0000000e+000
  0.0000000e+000
  0.0000000e+000
  0.0000000e+000
  0.0000000e+000
  0.0000000e+000
  0.0000000e+000
  6.4546252e-017
  8.2948620e-002
  1.7132099e-001
  3.6279623e-001
  4.6433088e-001
  5.6800405e-001
  6.7191495e-001
  7.7363960e-001
  8.7025839e-001
  1.0347274e+000
  1.0956278e+000
  1.1381387e+000
  1.1600000e+000
  1.1600000e+000
  1.1381387e+000
  1.0956278e+000
  9.5845884e-001
  8.7025839e-001
  7.7363960e-001
  6.7191495e-001
  5.6800405e-001
  4.6433088e-001
  2.6480417e-001
  1.7132099e-001
  8.2948620e-002
  0.0000000e+000
  0.0000000e+000
  0.0000000e+000
  0.0000000e+000
 -8.2948620e-002
  6.4546252e-017
  8.9311106e-002
  2.8621832e-001
  3.9256549e-001
  5.0256900e-001
  6.1428931e-001
  7.2510765e-001
  8.3171675e-001
  1.0162958e+000
  1.0856557e+000
  1.1344019e+000
  1.1595763e+000
  1.1595763e+000
  1.1344019e+000
  1.0856557e+000
  9.3020952e-001
  8.3171675e-001
  7.2510765e-001
  6.1428931e-001
  5.0256900e-001
  3.9256549e-001
  1.8485881e-001
  8.9311106e-002
  6.4546252e-017
  0.0000000e+000
  0.0000000e+000
  0.0000000e+000
  0.0000000e+000
 -1.7132099e-001
 -8.9311106e-002
  6.4546252e-017
  2.0070187e-001
  3.1132773e-001
  4.2744858e-001
  5.4718207e-001
  6.6778266e-001
  7.8556568e-001
  9.9369563e-001
  1.0733187e+000
  1.1297497e+000
  1.1590470e+000
  1.1590470e+000
  1.1297497e+000
  1.0733187e+000
  8.9595252e-001
  7.8556568e-001
  6.6778266e-001
  5.4718207e-001
  4.2744858e-001
  3.1132773e-001
  9.6728893e-002
  6.4546252e-017
 -8.9311106e-002
  0.0000000e+000
  0.0000000e+000
  0.0000000e+000
  0.0000000e+000
 -3.6279623e-001
 -2.8621832e-001
 -2.0070187e-001
  6.4546252e-017
  1.1598622e-001
  2.4210933e-001
  3.7711197e-001
  5.1847744e-001
  6.6207084e-001
  9.3020952e-001
  1.0380020e+000
  1.1162514e+000
  1.1575005e+000
  1.1575005e+000
  1.1162514e+000
  1.0380020e+000
  8.0190476e-001
  6.6207084e-001
  5.1847744e-001
  3.7711197e-001
  2.4210933e-001
  1.1598622e-001
 -1.0548768e-001
 -2.0070187e-001
 -2.8621832e-001
  0.0000000e+000
  0.0000000e+000
  0.0000000e+000
  0.0000000e+000
 -4.6433088e-001
 -3.9256549e-001
 -3.1132773e-001
 -1.1598622e-001
  6.4546252e-017
  1.2879824e-001
  2.6985601e-001
  4.2122695e-001
  5.7896858e-001
  8.8483345e-001
  1.0121451e+000
  1.1061951e+000
  1.1563378e+000
  1.1563378e+000
  1.1061951e+000
  1.0121451e+000
  7.3659125e-001
  5.7896858e-001
  4.2122695e-001
  2.6985601e-001
  1.2879824e-001
 -1.9363876e-016
 -2.1948764e-001
 -3.1132773e-001
 -3.9256549e-001
  0.0000000e+000
  0.0000000e+000
  0.0000000e+000
  0.0000000e+000
 -5.6800405e-001
 -5.0256900e-001
 -4.2744858e-001
 -2.4210933e-001
 -1.2879824e-001
  6.4546252e-017
  1.4477969e-001
  3.0465377e-001
  4.7644878e-001
  8.2562975e-001
  9.7760874e-001
  1.0925280e+000
  1.1547429e+000
  1.1547429e+000
  1.0925280e+000
  9.7760874e-001
  6.5366075e-001
  4.7644878e-001
  3.0465377e-001
  1.4477969e-001
 -1.9363876e-016
 -1.2879824e-001
 -3.4115264e-001
 -4.2744858e-001
 -5.0256900e-001
  0.0000000e+000
  0.0000000e+000
  0.0000000e+000
  0.0000000e+000
 -6.7191495e-001
 -6.1428931e-001
 -5.4718207e-001
 -3.7711197e-001
 -2.6985601e-001
 -1.4477969e-001
  6.4546252e-017
  1.6526565e-001
  3.4950069e-001
  7.4688356e-001
  9.3020952e-001
  1.0733187e+000
  1.1524720e+000
  1.1524720e+000
  1.0733187e+000
  9.3020952e-001
  5.4718207e-001
  3.4950069e-001
  1.6526565e-001
 -1.9363876e-016
 -1.4477969e-001
 -2.6985601e-001
 -4.6880586e-001
 -5.4718207e-001
 -6.1428931e-001
  0.0000000e+000
  0.0000000e+000
  0.0000000e+000
  0.0000000e+000
 -7.7363960e-001
 -7.2510765e-001
 -6.6778266e-001
 -5.1847744e-001
 -4.2122695e-001
 -3.0465377e-001
 -1.6526565e-001
  6.4546252e-017
  1.9245714e-001
  6.4005242e-001
  8.6308100e-001
  1.0451792e+000
  1.1490824e+000
  1.1490824e+000
  1.0451792e+000
  8.6308100e-001
  4.0929219e-001
  1.9245714e-001
 -1.9363876e-016
 -1.6526565e-001
 -3.0465377e-001
 -4.2122695e-001
 -5.9970528e-001
 -6.6778266e-001
 -7.2510765e-001
  0.0000000e+000
  0.0000000e+000
  0.0000000e+000
  0.0000000e+000
 -8.7025839e-001
 -8.3171675e-001
 -7.8556568e-001
 -6.6207084e-001
 -5.7896858e-001
 -4.7644878e-001
 -3.4950069e-001
 -1.9245714e-001
  6.4546252e-017
  4.9246387e-001
  7.6455577e-001
  1.0017641e+000
  1.1437002e+000
  1.1437002e+000
  1.0017641e+000
  7.6455577e-001
  2.3024988e-001
 -1.9363876e-016
 -1.9245714e-001
 -3.4950069e-001
 -4.7644878e-001
 -5.7896858e-001
 -7.2985670e-001
 -7.8556568e-001
 -8.3171675e-001
  0.0000000e+000
  0.0000000e+000
  0.0000000e+000
  0.0000000e+000
 -1.0347274e+000
 -1.0162958e+000
 -9.9369563e-001
 -9.3020952e-001
 -8.8483345e-001
 -8.2562975e-001
 -7.4688356e-001
 -6.4005242e-001
 -4.9246387e-001
  6.4546252e-017
  3.7711197e-001
  8.0190476e-001
  1.1162514e+000
  1.1162514e+000
  8.0190476e-001
  3.7711197e-001
 -2.8621832e-001
 -4.9246387e-001
 -6.4005242e-001
 -7.4688356e-001
 -8.2562975e-001
 -8.8483345e-001
 -9.6561542e-001
 -9.9369563e-001
 -1.0162958e+000
  0.0000000e+000
  0.0000000e+000
  0.0000000e+000
  0.0000000e+000
 -1.0956278e+000
 -1.0856557e+000
 -1.0733187e+000
 -1.0380020e+000
 -1.0121451e+000
 -9.7760874e-001
 -9.3020952e-001
 -8.6308100e-001
 -7.6455577e-001
 -3.7711197e-001
  6.4546252e-017
  5.4718207e-001
  1.0733187e+000
  1.0733187e+000
  5.4718207e-001
 -9.6819378e-016
 -6.1428931e-001
 -7.6455577e-001
 -8.6308100e-001
 -9.3020952e-001
 -9.7760874e-001
 -1.0121451e+000
 -1.0578195e+000
 -1.0733187e+000
 -1.0856557e+000
  0.0000000e+000
  0.0000000e+000
  0.0000000e+000
  0.0000000e+000
 -1.1381387e+000
 -1.1344019e+000
 -1.1297497e+000
 -1.1162514e+000
 -1.1061951e+000
 -1.0925280e+000
 -1.0733187e+000
 -1.0451792e+000
 -1.0017641e+000
 -8.0190476e-001
 -5.4718207e-001
  6.4546252e-017
  9.3020952e-001
  9.3020952e-001
 -1.4845638e-015
 -5.4718207e-001
 -9.3020952e-001
 -1.0017641e+000
 -1.0451792e+000
 -1.0733187e+000
 -1.0925280e+000
 -1.1061951e+000
 -1.1238591e+000
 -1.1297497e+000
 -1.1344019e+000
  0.0000000e+000
  0.0000000e+000
  0.0000000e+000
  0.0000000e+000
 -1.1600000e+000
 -1.1595763e+000
 -1.1590470e+000
 -1.1575005e+000
 -1.1563378e+000
 -1.1547429e+000
 -1.1524720e+000
 -1.1490824e+000
 -1.1437002e+000
 -1.1162514e+000
 -1.0733187e+000
 -9.3020952e-001
  0.0000000e+000
  6.4546252e-017
 -9.3020952e-001
 -1.0733187e+000
 -1.1344019e+000
 -1.1437002e+000
 -1.1490824e+000
 -1.1524720e+000
 -1.1547429e+000
 -1.1563378e+000
 -1.1583741e+000
 -1.1590470e+000
 -1.1595763e+000
  0.0000000e+000
  0.0000000e+000
  0.0000000e+000
  0.0000000e+000
 -1.1600000e+000
 -1.1595763e+000
 -1.1590470e+000
 -1.1575005e+000
 -1.1563378e+000
 -1.1547429e+000
 -1.1524720e+000
 -1.1490824e+000
 -1.1437002e+000
 -1.1162514e+000
 -1.0733187e+000
 -9.3020952e-001
  6.4546252e-017
  6.4546252e-017
 -9.3020952e-001
 -1.0733187e+000
 -1.1344019e+000
 -1.1437002e+000
 -1.1490824e+000
 -1.1524720e+000
 -1.1547429e+000
 -1.1563378e+000
 -1.1583741e+000
 -1.1590470e+000
 -1.1595763e+000
  0.0000000e+000
  0.0000000e+000
  0.0000000e+000
  0.0000000e+000
 -1.1381387e+000
 -1.1344019e+000
 -1.1297497e+000
 -1.1162514e+000
 -1.1061951e+000
 -1.0925280e+000
 -1.0733187e+000
 -1.0451792e+000
 -1.0017641e+000
 -8.0190476e-001
 -5.4718207e-001
  1.6136563e-015
  9.3020952e-001
  9.3020952e-001
  6.4546252e-017
 -5.4718207e-001
 -9.3020952e-001
 -1.0017641e+000
 -1.0451792e+000
 -1.0733187e+000
 -1.0925280e+000
 -1.1061951e+000
 -1.1238591e+000
 -1.1297497e+000
 -1.1344019e+000
  0.0000000e+000
  0.0000000e+000
  0.0000000e+000
  0.0000000e+000
 -1.0956278e+000
 -1.0856557e+000
 -1.0733187e+000
 -1.0380020e+000
 -1.0121451e+000
 -9.7760874e-001
 -9.3020952e-001
 -8.6308100e-001
 -7.6455577e-001
 -3.7711197e-001
  8.3910128e-016
  5.4718207e-001
  1.0733187e+000
  1.0733187e+000
  5.4718207e-001
  6.4546252e-017
 -6.1428931e-001
 -7.6455577e-001
 -8.6308100e-001
 -9.3020952e-001
 -9.7760874e-001
 -1.0121451e+000
 -1.0578195e+000
 -1.0733187e+000
 -1.0856557e+000
  0.0000000e+000
  0.0000000e+000
  0.0000000e+000
  0.0000000e+000
 -9.5845884e-001
 -9.3020952e-001
 -8.9595252e-001
 -8.0190476e-001
 -7.3659125e-001
 -6.5366075e-001
 -5.4718207e-001
 -4.0929219e-001
 -2.3024988e-001
  2.8621832e-001
  6.1428931e-001
  9.3020952e-001
  1.1344019e+000
  1.1344019e+000
  9.3020952e-001
  6.1428931e-001
  6.4546252e-017
 -2.3024988e-001
 -4.0929219e-001
 -5.4718207e-001
 -6.5366075e-001
 -7.3659125e-001
 -8.5396284e-001
 -8.9595252e-001
 -9.3020952e-001
  0.0000000e+000
  0.0000000e+000
  0.0000000e+000
  0.0000000e+000
 -8.7025839e-001
 -8.3171675e-001
 -7.8556568e-001
 -6.6207084e-001
 -5.7896858e-001
 -4.7644878e-001
 -3.4950069e-001
 -1.9245714e-001
  3.2273126e-016
  4.9246387e-001
  7.6455577e-001
  1.0017641e+000
  1.1437002e+000
  1.1437002e+000
  1.0017641e+000
  7.6455577e-001
  2.3024988e-001
  6.4546252e-017
 -1.9245714e-001
 -3.4950069e-001
 -4.7644878e-001
 -5.7896858e-001
 -7.2985670e-001
 -7.8556568e-001
 -8.3171675e-001
  0.0000000e+000
  0.0000000e+000
  0.0000000e+000
  0.0000000e+000
 -7.7363960e-001
 -7.2510765e-001
 -6.6778266e-001
 -5.1847744e-001
 -4.2122695e-001
 -3.0465377e-001
 -1.6526565e-001
  6.4546252e-017
  1.9245714e-001
  6.4005242e-001
  8.6308100e-001
  1.0451792e+000
  1.1490824e+000
  1.1490824e+000
  1.0451792e+000
  8.6308100e-001
  4.0929219e-001
  1.9245714e-001
  6.4546252e-017
 -1.6526565e-001
 -3.0465377e-001
 -4.2122695e-001
 -5.9970528e-001
 -6.6778266e-001
 -7.2510765e-001
  0.0000000e+000
  0.0000000e+000
  0.0000000e+000
  0.0000000e+000
 -6.7191495e-001
 -6.1428931e-001
 -5.4718207e-001
 -3.7711197e-001
 -2.6985601e-001
 -1.4477969e-001
  6.4546252e-017
  1.6526565e-001
  3.4950069e-001
  7.4688356e-001
  9.3020952e-001
  1.0733187e+000
  1.1524720e+000
  1.1524720e+000
  1.0733187e+000
  9.3020952e-001
  5.4718207e-001
  3.4950069e-001
  1.6526565e-001
  6.4546252e-017
 -1.4477969e-001
 -2.6985601e-001
 -4.6880586e-001
 -5.4718207e-001
 -6.1428931e-001
  0.0000000e+000
  0.0000000e+000
  0.0000000e+000
  0.0000000e+000
 -5.6800405e-001
 -5.0256900e-001
 -4.2744858e-001
 -2.4210933e-001
 -1.2879824e-001
  3.2273126e-016
  1.4477969e-001
  3.0465377e-001
  4.7644878e-001
  8.2562975e-001
  9.7760874e-001
  1.0925280e+000
  1.1547429e+000
  1.1547429e+000
  1.0925280e+000
  9.7760874e-001
  6.5366075e-001
  4.7644878e-001
  3.0465377e-001
  1.4477969e-001
  6.4546252e-017
 -1.2879824e-001
 -3.4115264e-001
 -4.2744858e-001
 -5.0256900e-001
  0.0000000e+000
  0.0000000e+000
  0.0000000e+000
  0.0000000e+000
 -4.6433088e-001
 -3.9256549e-001
 -3.1132773e-001
 -1.1598622e-001
  3.2273126e-016
  1.2879824e-001
  2.6985601e-001
  4.2122695e-001
  5.7896858e-001
  8.8483345e-001
  1.0121451e+000
  1.1061951e+000
  1.1563378e+000
  1.1563378e+000
  1.1061951e+000
  1.0121451e+000
  7.3659125e-001
  5.7896858e-001
  4.2122695e-001
  2.6985601e-001
  1.2879824e-001
  6.4546252e-017
 -2.1948764e-001
 -3.1132773e-001
 -3.9256549e-001
  0.0000000e+000
  0.0000000e+000
  0.0000000e+000
  0.0000000e+000
 -2.6480417e-001
 -1.8485881e-001
 -9.6728893e-002
  1.0548768e-001
  2.1948764e-001
  3.4115264e-001
  4.6880586e-001
  5.9970528e-001
  7.2985670e-001
  9.6561542e-001
  1.0578195e+000
  1.1238591e+000
  1.1583741e+000
  1.1583741e+000
  1.1238591e+000
  1.0578195e+000
  8.5396284e-001
  7.2985670e-001
  5.9970528e-001
  4.6880586e-001
  3.4115264e-001
  2.1948764e-001
  6.4546252e-017
 -9.6728893e-002
 -1.8485881e-001
  0.0000000e+000
  0.0000000e+000
  0.0000000e+000
  0.0000000e+000
 -1.7132099e-001
 -8.9311106e-002
  6.4546252e-017
  2.0070187e-001
  3.1132773e-001
  4.2744858e-001
  5.4718207e-001
  6.6778266e-001
  7.8556568e-001
  9.9369563e-001
  1.0733187e+000
  1.1297497e+000
  1.1590470e+000
  1.1590470e+000
  1.1297497e+000
  1.0733187e+000
  8.9595252e-001
  7.8556568e-001
  6.6778266e-001
  5.4718207e-001
  4.2744858e-001
  3.1132773e-001
  9.6728893e-002
  6.4546252e-017
 -8.9311106e-002
  0.0000000e+000
  0.0000000e+000
  0.0000000e+000
  0.0000000e+000
 -8.2948620e-002
  6.4546252e-017
  8.9311106e-002
  2.8621832e-001
  3.9256549e-001
  5.0256900e-001
  6.1428931e-001
  7.2510765e-001
  8.3171675e-001
  1.0162958e+000
  1.0856557e+000
  1.1344019e+000
  1.1595763e+000
  1.1595763e+000
  1.1344019e+000
  1.0856557e+000
  9.3020952e-001
  8.3171675e-001
  7.2510765e-001
  6.1428931e-001
  5.0256900e-001
  3.9256549e-001
  1.8485881e-001
  8.9311106e-002
  6.4546252e-017
  0.0000000e+000
  0.0000000e+000
  0.0000000e+000
  0.0000000e+000
  0.0000000e+000
  0.0000000e+000
  0.0000000e+000
  0.0000000e+000
  0.0000000e+000
  0.0000000e+000
  0.0000000e+000
  0.0000000e+000
  0.0000000e+000
  0.0000000e+000
  0.0000000e+000
  0.0000000e+000
  0.0000000e+000
  0.0000000e+000
  0.0000000e+000
  0.0000000e+000
  0.0000000e+000
  0.0000000e+000
  0.0000000e+000
  0.0000000e+000
  0.0000000e+000
  0.0000000e+000
  0.0000000e+000
  0.0000000e+000
  0.0000000e+000
  0.0000000e+000
  0.0000000e+000
  0.0000000e+000
  0.0000000e+000
  0.0000000e+000
  0.0000000e+000
  0.0000000e+000
  0.0000000e+000
  0.0000000e+000
  0.0000000e+000
  0.0000000e+000
  0.0000000e+000
  0.0000000e+000
  0.0000000e+000
  0.0000000e+000
  0.0000000e+000
  0.0000000e+000
  0.0000000e+000
  0.0000000e+000
  0.0000000e+000
  0.0000000e+000
  0.0000000e+000
  0.0000000e+000
  0.0000000e+000
  0.0000000e+000
  0.0000000e+000
  0.0000000e+000
  0.0000000e+000
  0.0000000e+000
  0.0000000e+000
  0.0000000e+000
