  0.0000000e+000
  0.0000000e+000
  0.0000000e+000
  0.0000000e+000
  0.0000000e+000
  0.0000000e+000
  0.0000000e+000
  0.0000000e+000
  0.0000000e+000
  0.0000000e+000
  0.0000000e+000
  0.0000000e+000
  0.0000000e+000
  0.0000000e+000
  0.0000000e+000
  0.0000000e+000
  0.0000000e+000
  0.0000000e+000
  0.0000000e+000
  0.0000000e+000
  0.0000000e+000
  0.0000000e+000
  0.0000000e+000
  0.0000000e+000
  0.0000000e+000
  0.0000000e+000
  0.0000000e+000
  0.0000000e+000
  0.0000000e+000
  0.0000000e+000
  0.0000000e+000
  0.0000000e+000
  0.0000000e+000
  0.0000000e+000
  0.0000000e+000
  0.0000000e+000
  0.0000000e+000
  0.0000000e+000
  0.0000000e+000
  0.0000000e+000
  0.0000000e+000
  0.0000000e+000
  0.0000000e+000
  0.0000000e+000
  0.0000000e+000
  0.0000000e+000
  0.0000000e+000
  0.0000000e+000
  0.0000000e+000
  0.0000000e+000
  0.0000000e+000
  0.0000000e+000
  0.0000000e+000
  0.0000000e+000
  0.0000000e+000
  0.0000000e+000
  0.0000000e+000
  0.0000000e+000
  0.0000000e+000
  0.0000000e+000
  0.0000000e+000
  0.0000000e+000
  0.0000000e+000
  0.0000000e+000
  0.0000000e+000
  0.0000000e+000
  0.0000000e+000
  0.0000000e+000
  0.0000000e+000
  0.0000000e+000
  0.0000000e+000
  0.0000000e+000
  0.0000000e+000
  0.0000000e+000
  0.0000000e+000
  0.0000000e+000
  0.0000000e+000
  0.0000000e+000
  0.0000000e+000
  0.0000000e+000
  0.0000000e+000
  0.0000000e+000
  0.0000000e+000
  0.0000000e+000
  0.0000000e+000
  0.0000000e+000
  0.0000000e+000
  0.0000000e+000
  0.0000000e+000
  0.0000000e+000
  0.0000000e+000
  0.0000000e+000
  0.0000000e+000
  0.0000000e+000
  0.0000000e+000
  0.0000000e+000
  0.0000000e+000
  0.0000000e+000
  0.0000000e+000
  0.0000000e+000
  0.0000000e+000
  0.0000000e+000
  0.0000000e+000
  0.0000000e+000
  0.0000000e+000
  0.0000000e+000
  0.0000000e+000
  0.0000000e+000
  0.0000000e+000
  0.0000000e+000
  0.0000000e+000
  0.0000000e+000
  0.0000000e+000
  0.0000000e+000
  0.0000000e+000
  0.0000000e+000
  0.0000000e+000
  0.0000000e+000
  0.0000000e+000
  0.0000000e+000
  0.0000000e+000
  0.0000000e+000
  0.0000000e+000
  0.0000000e+000
  0.0000000e+000
  0.0000000e+000
  0.0000000e+000
  0.0000000e+000
  0.0000000e+000
  0.0000000e+000
  0.0000000e+000
  0.0000000e+000
  0.0000000e+000
  0.0000000e+000
  0.0000000e+000
  0.0000000e+000
  0.0000000e+000
  0.0000000e+000
  0.0000000e+000
  0.0000000e+000
  0.0000000e+000
  0.0000000e+000
  0.0000000e+000
  0.0000000e+000
  0.0000000e+000
  0.0000000e+000
  0.0000000e+000
  0.0000000e+000
  0.0000000e+000
  0.0000000e+000
 -1.3779472e+000
 -1.0384973e+000
 -2.8063648e-001
  1.0959456e+000
  1.4352294e+000
  1.4303217e+000
  1.2258020e+000
  7.4505790e-001
  5.5068398e-001
  3.4540612e-001
  4.1479631e-001
  5.5068398e-001
  9.8065042e-001
  1.2258020e+000
  1.5258169e+000
  1.4352294e+000
  4.9675092e-001
 -2.8063648e-001
 -1.4922023e+000
  0.0000000e+000
  0.0000000e+000
  0.0000000e+000
  0.0000000e+000
  0.0000000e+000
  0.0000000e+000
  0.0000000e+000
  0.0000000e+000
  0.0000000e+000
  0.0000000e+000
 -1.0384973e+000
  7.5744649e-001
  1.3480752e+000
  1.3413411e+000
  9.2467939e-001
 -8.1468465e-002
 -5.0192575e-001
 -1.0488828e+000
 -1.1941678e+000
 -1.3158096e+000
 -1.2780482e+000
 -1.1941678e+000
 -8.2342369e-001
 -5.0192575e-001
  4.1479631e-001
  9.2467939e-001
  1.5258169e+000
  1.3480752e+000
 -1.3873911e-001
  0.0000000e+000
  0.0000000e+000
  0.0000000e+000
  0.0000000e+000
  0.0000000e+000
  0.0000000e+000
  0.0000000e+000
  0.0000000e+000
  0.0000000e+000
  0.0000000e+000
 -2.8063648e-001
  1.3480752e+000
  1.5221212e+000
  7.4505790e-001
  1.3328871e-001
 -8.8283135e-001
 -1.1941678e+000
 -1.4790461e+000
 -1.5174088e+000
 -1.5257284e+000
 -1.5263158e+000
 -1.5174088e+000
 -1.3825590e+000
 -1.1941678e+000
 -4.3372632e-001
  1.3328871e-001
  1.2671351e+000
  1.5221212e+000
  6.9442463e-001
  0.0000000e+000
  0.0000000e+000
  0.0000000e+000
  0.0000000e+000
  0.0000000e+000
  0.0000000e+000
  0.0000000e+000
  0.0000000e+000
  0.0000000e+000
  0.0000000e+000
  1.0959456e+000
  1.3413411e+000
  7.4505790e-001
 -6.9930106e-001
 -1.1941678e+000
 -1.5257284e+000
 -1.4521776e+000
 -1.1315869e+000
 -9.7657986e-001
 -8.0223785e-001
 -8.6229426e-001
 -9.7657986e-001
 -1.3029446e+000
 -1.4521776e+000
 -1.4596967e+000
 -1.1941678e+000
 -9.8517558e-003
  7.4505790e-001
  1.5167382e+000
  0.0000000e+000
  0.0000000e+000
  0.0000000e+000
  0.0000000e+000
  0.0000000e+000
  0.0000000e+000
  0.0000000e+000
  0.0000000e+000
  0.0000000e+000
  0.0000000e+000
  1.4352294e+000
  9.2467939e-001
  1.3328871e-001
 -1.1941678e+000
 -1.4790461e+000
 -1.3717634e+000
 -1.1315869e+000
 -6.1201273e-001
 -4.0967085e-001
 -1.9921845e-001
 -2.7001561e-001
 -4.0967085e-001
 -8.6229426e-001
 -1.1315869e+000
 -1.5144782e+000
 -1.4790461e+000
 -6.3485956e-001
  1.3328871e-001
  1.4537596e+000
  0.0000000e+000
  0.0000000e+000
  0.0000000e+000
  0.0000000e+000
  0.0000000e+000
  0.0000000e+000
  0.0000000e+000
  0.0000000e+000
  0.0000000e+000
  0.0000000e+000
  1.4303217e+000
 -8.1468465e-002
 -8.8283135e-001
 -1.5257284e+000
 -1.3717634e+000
 -6.1201273e-001
 -1.9921845e-001
  4.3882717e-001
  6.3969261e-001
  8.2789179e-001
  7.6680210e-001
  6.3969261e-001
  1.5820372e-001
 -1.9921845e-001
 -1.0305573e+000
 -1.3717634e+000
 -1.3825590e+000
 -8.8283135e-001
  8.0675322e-001
  0.0000000e+000
  0.0000000e+000
  0.0000000e+000
  0.0000000e+000
  0.0000000e+000
  0.0000000e+000
  0.0000000e+000
  0.0000000e+000
  0.0000000e+000
  0.0000000e+000
  1.2258020e+000
 -5.0192575e-001
 -1.1941678e+000
 -1.4521776e+000
 -1.1315869e+000
 -1.9921845e-001
  2.2927249e-001
  8.2789179e-001
  9.9969849e-001
  1.1517110e+000
  1.1034341e+000
  9.9969849e-001
  5.7395285e-001
  2.2927249e-001
 -6.7695908e-001
 -1.1315869e+000
 -1.5079340e+000
 -1.1941678e+000
  4.1479631e-001
  0.0000000e+000
  0.0000000e+000
  0.0000000e+000
  0.0000000e+000
  0.0000000e+000
  0.0000000e+000
  0.0000000e+000
  0.0000000e+000
  0.0000000e+000
  0.0000000e+000
  7.4505790e-001
 -1.0488828e+000
 -1.4790461e+000
 -1.1315869e+000
 -6.1201273e-001
  4.3882717e-001
  8.2789179e-001
  1.2809197e+000
  1.3847661e+000
  1.4611943e+000
  1.4388697e+000
  1.3847661e+000
  1.1034341e+000
  8.2789179e-001
 -5.6464566e-002
 -6.1201273e-001
 -1.4726555e+000
 -1.4790461e+000
 -2.2400627e-001
  0.0000000e+000
  0.0000000e+000
  0.0000000e+000
  0.0000000e+000
  0.0000000e+000
  0.0000000e+000
  0.0000000e+000
  0.0000000e+000
  0.0000000e+000
  0.0000000e+000
  5.5068398e-001
 -1.1941678e+000
 -1.5174088e+000
 -9.7657986e-001
 -4.0967085e-001
  6.3969261e-001
  9.9969849e-001
  1.3847661e+000
  1.4611943e+000
  1.5086910e+000
  1.4961435e+000
  1.4611943e+000
  1.2405517e+000
  9.9969849e-001
  1.5820372e-001
 -4.0967085e-001
 -1.4016759e+000
 -1.5174088e+000
 -4.3372632e-001
  0.0000000e+000
  0.0000000e+000
  0.0000000e+000
  0.0000000e+000
  0.0000000e+000
  0.0000000e+000
  0.0000000e+000
  0.0000000e+000
  0.0000000e+000
  0.0000000e+000
  3.4540612e-001
 -1.3158096e+000
 -1.5257284e+000
 -8.0223785e-001
 -1.9921845e-001
  8.2789179e-001
  1.1517110e+000
  1.4611943e+000
  1.5086910e+000
  1.5263158e+000
  1.5237938e+000
  1.5086910e+000
  1.3531064e+000
  1.1517110e+000
  3.6973895e-001
 -1.9921845e-001
 -1.3029446e+000
 -1.5257284e+000
 -6.3485956e-001
  0.0000000e+000
  0.0000000e+000
  0.0000000e+000
  0.0000000e+000
  0.0000000e+000
  0.0000000e+000
  0.0000000e+000
  0.0000000e+000
  0.0000000e+000
  0.0000000e+000
  4.1479631e-001
 -1.2780482e+000
 -1.5263158e+000
 -8.6229426e-001
 -2.7001561e-001
  7.6680210e-001
  1.1034341e+000
  1.4388697e+000
  1.4961435e+000
  1.5237938e+000
  1.5179145e+000
  1.4961435e+000
  1.3184655e+000
  1.1034341e+000
  2.9983606e-001
 -2.7001561e-001
 -1.3388288e+000
 -1.5263158e+000
 -5.6901944e-001
  0.0000000e+000
  0.0000000e+000
  0.0000000e+000
  0.0000000e+000
  0.0000000e+000
  0.0000000e+000
  0.0000000e+000
  0.0000000e+000
  0.0000000e+000
  0.0000000e+000
  5.5068398e-001
 -1.1941678e+000
 -1.5174088e+000
 -9.7657986e-001
 -4.0967085e-001
  6.3969261e-001
  9.9969849e-001
  1.3847661e+000
  1.4611943e+000
  1.5086910e+000
  1.4961435e+000
  1.4611943e+000
  1.2405517e+000
  9.9969849e-001
  1.5820372e-001
 -4.0967085e-001
 -1.4016759e+000
 -1.5174088e+000
 -4.3372632e-001
  0.0000000e+000
  0.0000000e+000
  0.0000000e+000
  0.0000000e+000
  0.0000000e+000
  0.0000000e+000
  0.0000000e+000
  0.0000000e+000
  0.0000000e+000
  0.0000000e+000
  9.8065042e-001
 -8.2342369e-001
 -1.3825590e+000
 -1.3029446e+000
 -8.6229426e-001
  1.5820372e-001
  5.7395285e-001
  1.1034341e+000
  1.2405517e+000
  1.3531064e+000
  1.3184655e+000
  1.2405517e+000
  8.8715741e-001
  5.7395285e-001
 -3.4021797e-001
 -8.6229426e-001
 -1.5217796e+000
 -1.3825590e+000
  6.1786579e-002
  0.0000000e+000
  0.0000000e+000
  0.0000000e+000
  0.0000000e+000
  0.0000000e+000
  0.0000000e+000
  0.0000000e+000
  0.0000000e+000
  0.0000000e+000
  0.0000000e+000
  1.2258020e+000
 -5.0192575e-001
 -1.1941678e+000
 -1.4521776e+000
 -1.1315869e+000
 -1.9921845e-001
  2.2927249e-001
  8.2789179e-001
  9.9969849e-001
  1.1517110e+000
  1.1034341e+000
  9.9969849e-001
  5.7395285e-001
  2.2927249e-001
 -6.7695908e-001
 -1.1315869e+000
 -1.5079340e+000
 -1.1941678e+000
  4.1479631e-001
  0.0000000e+000
  0.0000000e+000
  0.0000000e+000
  0.0000000e+000
  0.0000000e+000
  0.0000000e+000
  0.0000000e+000
  0.0000000e+000
  0.0000000e+000
  0.0000000e+000
  1.5258169e+000
  4.1479631e-001
 -4.3372632e-001
 -1.4596967e+000
 -1.5144782e+000
 -1.0305573e+000
 -6.7695908e-001
 -5.6464566e-002
  1.5820372e-001
  3.6973895e-001
  2.9983606e-001
  1.5820372e-001
 -3.4021797e-001
 -6.7695908e-001
 -1.3388288e+000
 -1.5144782e+000
 -1.0997696e+000
 -4.3372632e-001
  1.1817682e+000
  0.0000000e+000
  0.0000000e+000
  0.0000000e+000
  0.0000000e+000
  0.0000000e+000
  0.0000000e+000
  0.0000000e+000
  0.0000000e+000
  0.0000000e+000
  0.0000000e+000
  1.4352294e+000
  9.2467939e-001
  1.3328871e-001
 -1.1941678e+000
 -1.4790461e+000
 -1.3717634e+000
 -1.1315869e+000
 -6.1201273e-001
 -4.0967085e-001
 -1.9921845e-001
 -2.7001561e-001
 -4.0967085e-001
 -8.6229426e-001
 -1.1315869e+000
 -1.5144782e+000
 -1.4790461e+000
 -6.3485956e-001
  1.3328871e-001
  1.4537596e+000
  0.0000000e+000
  0.0000000e+000
  0.0000000e+000
  0.0000000e+000
  0.0000000e+000
  0.0000000e+000
  0.0000000e+000
  0.0000000e+000
  0.0000000e+000
  0.0000000e+000
  4.9675092e-001
  1.5258169e+000
  1.2671351e+000
 -9.8517558e-003
 -6.3485956e-001
 -1.3825590e+000
 -1.5079340e+000
 -1.4726555e+000
 -1.4016759e+000
 -1.3029446e+000
 -1.3388288e+000
 -1.4016759e+000
 -1.5217796e+000
 -1.5079340e+000
 -1.0997696e+000
 -6.3485956e-001
  6.8172100e-001
  1.2671351e+000
  1.2750150e+000
  0.0000000e+000
  0.0000000e+000
  0.0000000e+000
  0.0000000e+000
  0.0000000e+000
  0.0000000e+000
  0.0000000e+000
  0.0000000e+000
  0.0000000e+000
  0.0000000e+000
 -2.8063648e-001
  1.3480752e+000
  1.5221212e+000
  7.4505790e-001
  1.3328871e-001
 -8.8283135e-001
 -1.1941678e+000
 -1.4790461e+000
 -1.5174088e+000
 -1.5257284e+000
 -1.5263158e+000
 -1.5174088e+000
 -1.3825590e+000
 -1.1941678e+000
 -4.3372632e-001
  1.3328871e-001
  1.2671351e+000
  1.5221212e+000
  6.9442463e-001
  0.0000000e+000
  0.0000000e+000
  0.0000000e+000
  0.0000000e+000
  0.0000000e+000
  0.0000000e+000
  0.0000000e+000
  0.0000000e+000
  0.0000000e+000
  0.0000000e+000
 -1.4922023e+000
 -1.3873911e-001
  6.9442463e-001
  1.5167382e+000
  1.4537596e+000
  8.0675322e-001
  4.1479631e-001
 -2.2400627e-001
 -4.3372632e-001
 -6.3485956e-001
 -5.6901944e-001
 -4.3372632e-001
  6.1786579e-002
  4.1479631e-001
  1.1817682e+000
  1.4537596e+000
  1.2750150e+000
  6.9442463e-001
 -9.8485452e-001
  0.0000000e+000
  0.0000000e+000
  0.0000000e+000
  0.0000000e+000
  0.0000000e+000
  0.0000000e+000
  0.0000000e+000
  0.0000000e+000
  0.0000000e+000
  0.0000000e+000
  0.0000000e+000
  0.0000000e+000
  0.0000000e+000
  0.0000000e+000
  0.0000000e+000
  0.0000000e+000
  0.0000000e+000
  0.0000000e+000
  0.0000000e+000
  0.0000000e+000
  0.0000000e+000
  0.0000000e+000
  0.0000000e+000
  0.0000000e+000
  0.0000000e+000
  0.0000000e+000
  0.0000000e+000
  0.0000000e+000
  0.0000000e+000
  0.0000000e+000
  0.0000000e+000
  0.0000000e+000
  0.0000000e+000
  0.0000000e+000
  0.0000000e+000
  0.0000000e+000
  0.0000000e+000
  0.0000000e+000
  0.0000000e+000
  0.0000000e+000
  0.0000000e+000
  0.0000000e+000
  0.0000000e+000
  0.0000000e+000
  0.0000000e+000
  0.0000000e+000
  0.0000000e+000
  0.0000000e+000
  0.0000000e+000
  0.0000000e+000
  0.0000000e+000
  0.0000000e+000
  0.0000000e+000
  0.0000000e+000
  0.0000000e+000
  0.0000000e+000
  0.0000000e+000
  0.0000000e+000
  0.0000000e+000
  0.0000000e+000
  0.0000000e+000
  0.0000000e+000
  0.0000000e+000
  0.0000000e+000
  0.0000000e+000
  0.0000000e+000
  0.0000000e+000
  0.0000000e+000
  0.0000000e+000
  0.0000000e+000
  0.0000000e+000
  0.0000000e+000
  0.0000000e+000
  0.0000000e+000
  0.0000000e+000
  0.0000000e+000
  0.0000000e+000
  0.0000000e+000
  0.0000000e+000
  0.0000000e+000
  0.0000000e+000
  0.0000000e+000
  0.0000000e+000
  0.0000000e+000
  0.0000000e+000
  0.0000000e+000
  0.0000000e+000
  0.0000000e+000
  0.0000000e+000
  0.0000000e+000
  0.0000000e+000
  0.0000000e+000
  0.0000000e+000
  0.0000000e+000
  0.0000000e+000
  0.0000000e+000
  0.0000000e+000
  0.0000000e+000
  0.0000000e+000
  0.0000000e+000
  0.0000000e+000
  0.0000000e+000
  0.0000000e+000
  0.0000000e+000
  0.0000000e+000
  0.0000000e+000
  0.0000000e+000
  0.0000000e+000
  0.0000000e+000
  0.0000000e+000
  0.0000000e+000
  0.0000000e+000
  0.0000000e+000
  0.0000000e+000
  0.0000000e+000
  0.0000000e+000
  0.0000000e+000
  0.0000000e+000
  0.0000000e+000
  0.0000000e+000
  0.0000000e+000
  0.0000000e+000
  0.0000000e+000
  0.0000000e+000
  0.0000000e+000
  0.0000000e+000
  0.0000000e+000
  0.0000000e+000
  0.0000000e+000
  0.0000000e+000
  0.0000000e+000
  0.0000000e+000
  0.0000000e+000
  0.0000000e+000
  0.0000000e+000
  0.0000000e+000
  0.0000000e+000
  0.0000000e+000
  0.0000000e+000
  0.0000000e+000
  0.0000000e+000
  0.0000000e+000
  0.0000000e+000
  0.0000000e+000
  0.0000000e+000
  0.0000000e+000
  0.0000000e+000
  0.0000000e+000
  0.0000000e+000
  0.0000000e+000
