  0.0000000e+000
  0.0000000e+000
  0.0000000e+000
  0.0000000e+000
  0.0000000e+000
  0.0000000e+000
  0.0000000e+000
  0.0000000e+000
  0.0000000e+000
  0.0000000e+000
  0.0000000e+000
  0.0000000e+000
  0.0000000e+000
  0.0000000e+000
  0.0000000e+000
  0.0000000e+000
  0.0000000e+000
  0.0000000e+000
  0.0000000e+000
  0.0000000e+000
  0.0000000e+000
  0.0000000e+000
  0.0000000e+000
  0.0000000e+000
  0.0000000e+000
  0.0000000e+000
  0.0000000e+000
  0.0000000e+000
  0.0000000e+000
  0.0000000e+000
  0.0000000e+000
  0.0000000e+000
  0.0000000e+000
  0.0000000e+000
  0.0000000e+000
  0.0000000e+000
  0.0000000e+000
  0.0000000e+000
  0.0000000e+000
  0.0000000e+000
  0.0000000e+000
  0.0000000e+000
  0.0000000e+000
  0.0000000e+000
  0.0000000e+000
  0.0000000e+000
  0.0000000e+000
  0.0000000e+000
  0.0000000e+000
  0.0000000e+000
  0.0000000e+000
  0.0000000e+000
  0.0000000e+000
  0.0000000e+000
  0.0000000e+000
  0.0000000e+000
  0.0000000e+000
  0.0000000e+000
  0.0000000e+000
  0.0000000e+000
  4.7394757e-001
  6.6312667e-001
  8.2902753e-001
  1.0687213e+000
  1.1341002e+000
  1.1596680e+000
  1.1445272e+000
  1.0892093e+000
  9.9565621e-001
  7.0820743e-001
  5.2440219e-001
  3.2218843e-001
  1.0866457e-001
 -1.0867397e-001
 -3.2219783e-001
 -5.2441159e-001
 -8.6716134e-001
 -9.9566562e-001
 -1.0892187e+000
 -1.1445366e+000
 -1.1596774e+000
 -1.1341096e+000
 -9.6583585e-001
 -8.2903693e-001
 -6.6313607e-001
  0.0000000e+000
  0.0000000e+000
  0.0000000e+000
  0.0000000e+000
  3.5669622e-001
  5.5633421e-001
  7.3644277e-001
  1.0136893e+000
  1.1010949e+000
  1.1498481e+000
  1.1582374e+000
  1.1259683e+000
  1.0541737e+000
  8.0338761e-001
  6.3319963e-001
  4.4078397e-001
  2.3289508e-001
  1.6830589e-002
 -1.9982488e-001
 -4.0946596e-001
 -7.7877296e-001
 -9.2547492e-001
 -1.0396896e+000
 -1.1174078e+000
 -1.1559011e+000
 -1.1538185e+000
 -1.0296394e+000
 -9.1190204e-001
 -7.6215391e-001
  0.0000000e+000
  0.0000000e+000
  0.0000000e+000
  0.0000000e+000
  2.3526287e-001
  4.4301920e-001
  6.3522384e-001
  9.4677259e-001
  1.0551802e+000
  1.1265472e+000
  1.1583683e+000
  1.1495264e+000
  1.1003319e+000
  8.8914875e-001
  7.3457333e-001
  5.5421166e-001
  3.5439505e-001
  1.4213777e-001
 -7.5109212e-002
 -2.8971976e-001
 -6.8125424e-001
 -8.4443394e-001
 -9.7797121e-001
 -1.0771784e+000
 -1.1385731e+000
 -1.1600000e+000
 -1.0813714e+000
 -9.8407599e-001
 -8.5223625e-001
  0.0000000e+000
  0.0000000e+000
  0.0000000e+000
  0.0000000e+000
 -1.4422687e-002
  2.0219643e-001
  4.1171757e-001
  7.8055360e-001
  9.2692105e-001
  1.0407502e+000
  1.1180451e+000
  1.1560926e+000
  1.1535571e+000
  1.0285142e+000
  9.1039643e-001
  7.6032035e-001
  5.8355420e-001
  3.8630308e-001
  1.7549121e-001
 -4.1481179e-002
 -4.6349267e-001
 -6.5371769e-001
 -8.2099509e-001
 -9.5945286e-001
 -1.0642306e+000
 -1.1316503e+000
 -1.1463434e+000
 -1.0931010e+000
 -1.0014870e+000
  0.0000000e+000
  0.0000000e+000
  0.0000000e+000
  0.0000000e+000
 -1.3974756e-001
  7.7512097e-002
  2.9205064e-001
  6.8320006e-001
  8.4608023e-001
  9.7925985e-001
  1.0780639e+000
  1.1390239e+000
  1.1600000e+000
  1.0804847e+000
  9.8278445e-001
  8.5058491e-001
  6.8852669e-001
  5.0229860e-001
  2.9843791e-001
  8.4100840e-002
 -3.4580288e-001
 -5.4627840e-001
 -7.2757780e-001
 -8.8333683e-001
 -1.0080878e+000
 -1.0974516e+000
 -1.1588217e+000
 -1.1286738e+000
 -1.0589056e+000
  0.0000000e+000
  0.0000000e+000
  0.0000000e+000
  0.0000000e+000
 -2.6343407e-001
 -4.8081045e-002
  1.6895963e-001
  5.7783658e-001
  7.5531984e-001
  9.0628856e-001
  1.0254432e+000
  1.1086011e+000
  1.1528430e+000
  1.1197873e+000
  1.0436502e+000
  9.3087708e-001
  7.8542677e-001
  6.1240507e-001
  4.1788564e-001
  2.0869680e-001
 -2.2405892e-001
 -4.3243455e-001
 -6.2563038e-001
 -7.9686455e-001
 -9.4012615e-001
 -1.0503862e+000
 -1.1577139e+000
 -1.1510140e+000
 -1.1039096e+000
  0.0000000e+000
  0.0000000e+000
  0.0000000e+000
  0.0000000e+000
 -3.8403212e-001
 -1.7311054e-001
  4.3887664e-002
  4.6569843e-001
  6.5570395e-001
  8.2269181e-001
  9.6080014e-001
  1.0651809e+000
  1.1321698e+000
  1.1459615e+000
  1.0922800e+000
  1.0002555e+000
  8.7311840e-001
  7.1533160e-001
  5.3243399e-001
  3.3084592e-001
 -9.9688128e-002
 -3.1352085e-001
 -5.1634806e-001
 -7.0104981e-001
 -8.6114242e-001
 -9.9100608e-001
 -1.1430330e+000
 -1.1598597e+000
 -1.1359713e+000
  0.0000000e+000
  0.0000000e+000
  0.0000000e+000
  0.0000000e+000
 -5.0012779e-001
 -2.9611052e-001
 -8.1698899e-002
  3.4810033e-001
  5.4840049e-001
  7.2944970e-001
  8.8489250e-001
  1.0092723e+000
  1.0982230e+000
  1.1587002e+000
  1.1281038e+000
  1.0579068e+000
  9.5057345e-001
  8.0987146e-001
  6.4073999e-001
  4.4911612e-001
  2.5851360e-002
 -1.9093147e-001
 -4.0101210e-001
 -5.9701596e-001
 -7.7206264e-001
 -9.2000738e-001
 -1.1149512e+000
 -1.1551071e+000
 -1.1547148e+000
  0.0000000e+000
  0.0000000e+000
  0.0000000e+000
  0.0000000e+000
 -6.1035998e-001
 -4.1563893e-001
 -2.0632767e-001
  2.2642103e-001
  4.3466747e-001
  6.2765540e-001
  7.9861026e-001
  9.4153094e-001
  1.0514004e+000
  1.1578542e+000
  1.1507015e+000
  1.1031551e+000
  1.0168838e+000
  8.9491627e-001
  7.4153383e-001
  5.6212080e-001
  1.5108771e-001
 -6.6103640e-002
 -2.8097469e-001
 -4.8598270e-001
 -6.7393118e-001
 -8.3822249e-001
 -1.0737977e+000
 -1.1368120e+000
 -1.1599204e+000
  0.0000000e+000
  0.0000000e+000
  0.0000000e+000
  0.0000000e+000
 -8.0814831e-001
 -6.3873274e-001
 -4.4689558e-001
 -2.3443784e-002
  1.9330620e-001
  4.0327030e-001
  5.9907803e-001
  7.7385586e-001
  9.2146847e-001
  1.1156067e+000
  1.1553173e+000
  1.1544721e+000
  1.1131007e+000
  1.0326554e+000
  9.1596016e-001
  7.6711131e-001
  3.9479863e-001
  1.8440429e-001
 -3.2463463e-002
 -2.4819180e-001
 -4.5520789e-001
 -6.4624476e-001
 -9.5435290e-001
 -1.0606085e+000
 -1.1296332e+000
  0.0000000e+000
  0.0000000e+000
  0.0000000e+000
  0.0000000e+000
 -8.9338556e-001
 -7.3968256e-001
 -5.6001427e-001
 -1.4869986e-001
  6.8507689e-002
  2.8331021e-001
  4.8816738e-001
  6.7588801e-001
  8.3988243e-001
  1.0747005e+000
  1.1372812e+000
  1.1599392e+000
  1.1418791e+000
  1.0837349e+000
  9.8754764e-001
  8.5669382e-001
  5.1041592e-001
  3.0714741e-001
  9.3096780e-002
 -1.2422203e-001
 -3.3718039e-001
 -5.3830269e-001
 -8.7746209e-001
 -1.0035935e+000
 -1.0944954e+000
  0.0000000e+000
  0.0000000e+000
  0.0000000e+000
  0.0000000e+000
 -9.6814874e-001
 -8.3196033e-001
 -6.6656736e-001
 -2.7221261e-001
 -5.7094070e-002
  1.6002851e-001
  3.7153336e-001
  5.6999593e-001
  7.4844947e-001
  1.0211944e+000
  1.1059115e+000
  1.1518071e+000
  1.1572700e+000
  1.1221085e+000
  1.0475570e+000
  9.3623233e-001
  6.2004899e-001
  4.2628945e-001
  2.1756549e-001
  1.2040609e-003
 -2.1519980e-001
 -4.2404957e-001
 -7.9028389e-001
 -9.3481234e-001
 -1.0465258e+000
  0.0000000e+000
  0.0000000e+000
  0.0000000e+000
  0.0000000e+000
 -1.0315613e+000
 -9.1448418e-001
 -7.6530561e-001
 -3.9253398e-001
 -1.8202651e-001
  3.4870567e-002
  2.5054340e-001
  4.5742111e-001
  6.4824158e-001
  9.5571570e-001
  1.0615759e+000
  1.1301710e+000
  1.1590929e+000
  1.1473264e+000
  1.0952846e+000
  1.0047943e+000
  7.2241250e-001
  5.4043359e-001
  3.3948340e-001
  1.2661598e-001
 -9.0696257e-002
 -3.0482491e-001
 -6.9384039e-001
 -8.5507141e-001
 -9.8628660e-001
  0.0000000e+000
  0.0000000e+000
  0.0000000e+000
  0.0000000e+000
 -1.0828798e+000
 -9.8628660e-001
 -8.5507141e-001
 -5.0825330e-001
 -3.0482491e-001
 -9.0696257e-002
  1.2661598e-001
  3.3948340e-001
  5.4043359e-001
  8.7903204e-001
  1.0047943e+000
  1.0952846e+000
  1.1473264e+000
  1.1590929e+000
  1.1301710e+000
  1.0615759e+000
  8.1630633e-001
  6.4824158e-001
  4.5742111e-001
  2.5054340e-001
  3.4870567e-002
 -1.8202651e-001
 -5.8926230e-001
 -7.6530561e-001
 -9.1448418e-001
  0.0000000e+000
  0.0000000e+000
  0.0000000e+000
  0.0000000e+000
 -1.1215026e+000
 -1.0465258e+000
 -9.3481234e-001
 -6.1801387e-001
 -4.2404957e-001
 -2.1519980e-001
  1.2040609e-003
  2.1756549e-001
  4.2628945e-001
  7.9204247e-001
  9.3623233e-001
  1.0475570e+000
  1.1221085e+000
  1.1572700e+000
  1.1518071e+000
  1.1059115e+000
  9.0062966e-001
  7.4844947e-001
  5.6999593e-001
  3.7153336e-001
  1.6002851e-001
 -5.7094070e-002
 -4.7777570e-001
 -6.6656736e-001
 -8.3196033e-001
  0.0000000e+000
  0.0000000e+000
  0.0000000e+000
  0.0000000e+000
 -1.1469769e+000
 -1.0944954e+000
 -1.0035935e+000
 -7.2052885e-001
 -5.3830269e-001
 -3.3718039e-001
 -1.2422203e-001
  9.3096780e-002
  3.0714741e-001
  6.9576688e-001
  8.5669382e-001
  9.8754764e-001
  1.0837349e+000
  1.1418791e+000
  1.1599392e+000
  1.1372812e+000
  9.7439387e-001
  8.3988243e-001
  6.7588801e-001
  4.8816738e-001
  2.8331021e-001
  6.8507689e-002
 -3.6068768e-001
 -5.6001427e-001
 -7.3968256e-001
  0.0000000e+000
  0.0000000e+000
  0.0000000e+000
  0.0000000e+000
 -1.1574428e+000
 -1.1515271e+000
 -1.1051889e+000
 -8.9911349e-001
 -7.4661026e-001
 -5.6789856e-001
 -3.6925179e-001
 -1.5764316e-001
  5.9499137e-002
  4.7996821e-001
  6.6853506e-001
  8.3363382e-001
  9.6946894e-001
  1.0712721e+000
  1.1354698e+000
  1.1598083e+000
  1.0869196e+000
  9.9225109e-001
  8.6275091e-001
  7.0296498e-001
  5.1850236e-001
  3.1583832e-001
 -1.1524792e-001
 -3.2853750e-001
 -5.3029442e-001
  0.0000000e+000
  0.0000000e+000
  0.0000000e+000
  0.0000000e+000
 -1.1423117e+000
 -1.1599204e+000
 -1.1368120e+000
 -9.7308941e-001
 -8.3822249e-001
 -6.7393118e-001
 -4.8598270e-001
 -2.8097469e-001
 -6.6103640e-002
  3.6297519e-001
  5.6212080e-001
  7.4153383e-001
  8.9491627e-001
  1.0168838e+000
  1.1031551e+000
  1.1507015e+000
  1.1243619e+000
  1.0514004e+000
  9.4153094e-001
  7.9861026e-001
  6.2765540e-001
  4.3466747e-001
  1.0226250e-002
 -2.0632767e-001
 -4.1563893e-001
  0.0000000e+000
  0.0000000e+000
  0.0000000e+000
  0.0000000e+000
 -1.1137882e+000
 -1.1547148e+000
 -1.1551071e+000
 -1.0356568e+000
 -9.2000738e-001
 -7.7206264e-001
 -5.9701596e-001
 -4.0101210e-001
 -1.9093147e-001
  2.4172655e-001
  4.4911612e-001
  6.4073999e-001
  8.0987146e-001
  9.5057345e-001
  1.0579068e+000
  1.1281038e+000
  1.1486220e+000
  1.0982230e+000
  1.0092723e+000
  8.8489250e-001
  7.2944970e-001
  5.4840049e-001
  1.3558048e-001
 -8.1698899e-002
 -2.9611052e-001
  0.0000000e+000
  0.0000000e+000
  0.0000000e+000
  0.0000000e+000
 -1.0722065e+000
 -1.1359713e+000
 -1.1598597e+000
 -1.0860821e+000
 -9.9100608e-001
 -8.6114242e-001
 -7.0104981e-001
 -5.1634806e-001
 -3.1352085e-001
  1.1764383e-001
  3.3084592e-001
  5.3243399e-001
  7.1533160e-001
  8.7311840e-001
  1.0002555e+000
  1.0922800e+000
  1.1594155e+000
  1.1321698e+000
  1.0651809e+000
  9.6080014e-001
  8.2269181e-001
  6.5570395e-001
  2.5934509e-001
  4.3887664e-002
 -1.7311054e-001
  0.0000000e+000
  0.0000000e+000
  0.0000000e+000
  0.0000000e+000
 -1.0180543e+000
 -1.1039096e+000
 -1.1510140e+000
 -1.1237742e+000
 -1.0503862e+000
 -9.4012615e-001
 -7.9686455e-001
 -6.2563038e-001
 -4.3243455e-001
 -7.8182011e-003
  2.0869680e-001
  4.1788564e-001
  6.1240507e-001
  7.8542677e-001
  9.3087708e-001
  1.0436502e+000
  1.1566159e+000
  1.1528430e+000
  1.1086011e+000
  1.0254432e+000
  9.0628856e-001
  7.5531984e-001
  3.8006906e-001
  1.6895963e-001
 -4.8081045e-002
  0.0000000e+000
  0.0000000e+000
  0.0000000e+000
  0.0000000e+000
 -9.5196637e-001
 -1.0589056e+000
 -1.1286738e+000
 -1.1482911e+000
 -1.0974516e+000
 -1.0080878e+000
 -8.8333683e-001
 -7.2757780e-001
 -5.4627840e-001
 -1.3318863e-001
  8.4100840e-002
  2.9843791e-001
  5.0229860e-001
  6.8852669e-001
  8.5058491e-001
  9.8278445e-001
  1.1402559e+000
  1.1600000e+000
  1.1390239e+000
  1.0780639e+000
  9.7925985e-001
  8.4608023e-001
  4.9633702e-001
  2.9205064e-001
  7.7512097e-002
  0.0000000e+000
  0.0000000e+000
  0.0000000e+000
  0.0000000e+000
 -7.8721352e-001
 -9.3232695e-001
 -1.0447126e+000
 -1.1568074e+000
 -1.1525816e+000
 -1.1078964e+000
 -1.0243202e+000
 -9.0478703e-001
 -7.5349279e-001
 -3.7779356e-001
 -1.6657692e-001
  5.0486984e-002
  2.6577846e-001
  4.7174001e-001
  6.6114167e-001
  8.2733478e-001
  1.0677790e+000
  1.1335897e+000
  1.1596072e+000
  1.1449183e+000
  1.0900386e+000
  9.9689451e-001
  7.1012056e-001
  5.2655744e-001
  3.2451013e-001
  0.0000000e+000
  0.0000000e+000
  0.0000000e+000
  0.0000000e+000
 -6.9048019e-001
 -8.5223625e-001
 -9.8407599e-001
 -1.1407070e+000
 -1.1600000e+000
 -1.1385731e+000
 -1.0771784e+000
 -9.7797121e-001
 -8.4443394e-001
 -4.9416030e-001
 -2.8971976e-001
 -7.5109212e-002
  1.4213777e-001
  3.5439505e-001
  5.5421166e-001
  7.3457333e-001
  1.0125118e+000
  1.1003319e+000
  1.1495264e+000
  1.1583683e+000
  1.1265472e+000
  1.0551802e+000
  8.0512973e-001
  6.3522384e-001
  4.4301920e-001
  0.0000000e+000
  0.0000000e+000
  0.0000000e+000
  0.0000000e+000
 -5.8565167e-001
 -7.6215391e-001
 -9.1190204e-001
 -1.1112329e+000
 -1.1538185e+000
 -1.1559011e+000
 -1.1174078e+000
 -1.0396896e+000
 -9.2547492e-001
 -6.0473351e-001
 -4.0946596e-001
 -1.9982488e-001
  1.6830589e-002
  2.3289508e-001
  4.4078397e-001
  6.3319963e-001
  9.4537370e-001
  1.0541737e+000
  1.1259683e+000
  1.1582374e+000
  1.1498481e+000
  1.1010949e+000
  8.9069944e-001
  7.3644277e-001
  5.5633421e-001
  0.0000000e+000
  0.0000000e+000
  0.0000000e+000
  0.0000000e+000
  0.0000000e+000
  0.0000000e+000
  0.0000000e+000
  0.0000000e+000
  0.0000000e+000
  0.0000000e+000
  0.0000000e+000
  0.0000000e+000
  0.0000000e+000
  0.0000000e+000
  0.0000000e+000
  0.0000000e+000
  0.0000000e+000
  0.0000000e+000
  0.0000000e+000
  0.0000000e+000
  0.0000000e+000
  0.0000000e+000
  0.0000000e+000
  0.0000000e+000
  0.0000000e+000
  0.0000000e+000
  0.0000000e+000
  0.0000000e+000
  0.0000000e+000
  0.0000000e+000
  0.0000000e+000
  0.0000000e+000
  0.0000000e+000
  0.0000000e+000
  0.0000000e+000
  0.0000000e+000
  0.0000000e+000
  0.0000000e+000
  0.0000000e+000
  0.0000000e+000
  0.0000000e+000
  0.0000000e+000
  0.0000000e+000
  0.0000000e+000
  0.0000000e+000
  0.0000000e+000
  0.0000000e+000
  0.0000000e+000
  0.0000000e+000
  0.0000000e+000
  0.0000000e+000
  0.0000000e+000
  0.0000000e+000
  0.0000000e+000
  0.0000000e+000
  0.0000000e+000
  0.0000000e+000
  0.0000000e+000
  0.0000000e+000
  0.0000000e+000
